,y_true,y_pred
137539292|P22102,2.0,1.9620055502898017
137539329|P22102,2.0,2.000476334187113
11099480|P22102,2.0,1.4365186920591184
11220599|P22102,2.0,1.9451737078799176
10518133|P22102,2.0,1.2671969286791291
15124057|P22102,2.0,1.6643597144701041
137539564|P22102,2.0,1.9676612538251557
11730467|P22102,2.0,1.7793151370504405
46885027|P22102,2.0,1.9063478441318134
151746871|P22102,2.0,1.9797606376309271
153637730|P22102,2.0,2.0036168509282457
142540253|P22102,2.0,1.991604306464027
4797946|P22102,2.0,2.009753759649641
153637786|P22102,2.0,1.967316567933117
153637753|P22102,2.0,2.0031586620874466
151675446|P22102,2.0,2.0095842562081994
17863210|P22102,2.0,1.9987559027188933
146490978|P22102,2.0,1.907138375853574
9868793|P22102,2.0,1.8777002424140867
44462219|P22102,2.0,1.8098720885824273
137539191|P22102,2.0,1.9879535157772226
153637851|P22102,2.0,1.951361377060332
146299|P22102,2.0,1.4470192752110302
137538569|P22102,2.0,1.916644964209888
153637892|P22102,2.0,1.9510389921093174
164613241|P22102,2.0,1.4936776149341124
25099115|P22102,2.0,1.7771223887848606
137539559|P22102,2.0,1.9870104564034279
137539397|P22102,2.0,2.0197559254107813
44306876|P22102,2.0,2.027495227649829
68551|P22102,2.0,2.0733398770575375
10026300|P22102,2.0,2.3187259065538735
5095|P22102,2.0,1.584289938147461
15124064|P22102,2.0,2.0549869028889565
146490639|P22102,2.0,1.8845636767023801
11277680|P22102,2.0,2.2661963754658916
145962202|P22102,2.0,2.0076676195592955
155210502|P22102,2.0,1.9100040947286476
146443751|P22102,2.0,1.9072549542451438
137539728|P22102,2.0,1.9860741347603894
16104|P22102,2.0,2.843178151963291
146490628|P22102,2.0,1.8665667803364707
9947230|P22102,2.0,1.8248516762568918
10381889|P22102,2.0,2.0832662602544456
49864292|P22102,2.0,2.0483584304965077
16082831|P22102,2.0,1.986475937467728
5615|P22102,2.0,1.8926326839321357
44413202|P22102,2.0,1.9887435908451416
160597|P22102,2.0,1.6576808347961252
153637695|P22102,2.0,1.9851327478791956
153637832|P22102,2.0,2.005076749914325
119570|P22102,2.0,2.2832205950858815
153637762|P22102,2.0,1.991669182476269
156022974|P22102,2.0,1.892950531497669
146490674|P22102,2.0,1.899226739904979
142427004|P22102,2.0,2.018438078765679
137539409|P22102,2.0,1.975401974255716
142427011|P22102,2.0,1.9818921457830505
442203|P22102,2.0,1.43338471346551
137538808|P22102,2.0,1.9717592260096997
127046493|P22102,2.0,2.048122776423403
153637720|P22102,2.0,1.9785249949879107
46884856|P22102,2.0,2.1152232563976243
137539240|P22102,2.0,2.0100795221467145
146491094|P22102,2.0,1.9779955614398945
20070445|P22102,2.0,1.9913378975708742
146490861|P22102,2.0,1.8693010057318646
142540098|P22102,2.0,1.9711302370930595
137539305|P22102,2.0,2.0055726305651644
137539000|P22102,2.0,1.9986539053679098
153637687|P22102,2.0,1.9772348005657046
46175652|P22102,2.0,1.9762762242260812
153637707|P22102,2.0,1.9862131087126944
16037920|P22102,2.0,2.010690131228608
153637666|P22102,2.0,1.9354804317743641
44631910|P22102,2.0,1.918314290133561
4946|P22102,2.0,1.4673159517575394
137538958|P22102,2.0,1.9870110474060705
46885213|P22102,2.0,2.03823958955707
13891896|P22102,2.0,1.6740032175973316
137539229|P22102,2.0,1.9915836069918198
10385855|P22102,2.0,1.7505999899151836
142426965|P22102,2.0,1.9328130485491635
149839126|P22102,2.0,1.9798391635633732
146490828|P22102,2.0,1.8430339085506597
146490647|P22102,2.0,1.8997676324403077
15124065|P22102,2.0,1.9722384624477678
163408069|P22102,2.0,2.003095722296698
153637827|P22102,2.0,2.003095722296698
153637805|P22102,2.0,1.975107528749115
137539592|P22102,2.0,2.0208687922187374
153637662|P22102,2.0,2.0125342521824585
18180076|P22102,2.0,2.0013080542599146
137538729|P22102,2.0,1.9991002524550392
142540213|P22102,2.0,1.9847259988524928
46830335|P22102,2.0,1.8984067682213301
11580039|P22102,2.0,2.0040004529211672
152409252|P22102,2.0,1.95792920094736
152121487|P22102,2.0,2.008723334134384
149731152|P22102,2.0,1.9824992173590557
146490626|P22102,2.0,1.8964846632933248
146490645|P22102,2.0,1.9638766651975001
137539482|P22102,2.0,1.9539002103633087
44342270|P22102,2.0,1.9653038096711997
146490649|P22102,2.0,1.8915009509798786
4585|P22102,2.0,2.5609115384722734
11299968|P22102,2.0,1.9151008589041427
137538707|P22102,2.0,1.9969181263982867
153637815|P22102,2.0,2.02043685270035
142540187|P22102,2.0,1.989056921778932
11357862|P22102,2.0,2.254783165868699
49836386|P22102,2.0,1.90009600717399
150351504|P22102,2.0,2.020215932847949
13477989|P22102,2.0,1.952175567165158
137539351|P22102,2.0,1.9497818533667375
151664222|P22102,2.0,1.977353719385686
149747008|P22102,2.0,1.9799338334944612
44304314|P22102,2.0,2.1779419403904408
146490633|P22102,2.0,1.9056732835404273
151424138|P22102,2.0,1.9558659141733468
137539510|P22102,2.0,1.9733834211058943
10288197|P22102,2.0,1.897047908820711
52941478|P22102,2.0,2.0621634518055303
151991053|P22102,2.0,2.004356802497379
137539494|P22102,2.0,1.9871713853523578
142540244|P22102,2.0,1.9488056162519583
146490623|P22102,2.0,1.8979251682390648
11973780|P22102,2.0,1.9437037596452107
10398787|P22102,2.0,1.9707279380559304
137538815|P22102,2.0,1.9712786566145721
146490865|P22102,2.0,1.9809666341570231
137539398|P22102,2.0,2.025714455580846
150519134|P22102,2.0,2.009239109923175
10825736|P22102,2.0,1.2154980081399862
153637741|P22102,2.0,1.9733333996064992
2995|P22102,2.0,1.3531595993658923
44306637|P22102,2.0,1.8770199050579697
9848518|P22102,2.0,1.867330880592409
15124063|P22102,2.0,2.0764676981548726
162779484|P22102,2.0,1.9469945020343076
152186108|P22102,2.0,2.0136130143648683
142540223|P22102,2.0,2.0012648051074446
142427013|P22102,2.0,1.9740679788906021
153637846|P22102,2.0,2.0063303253650844
137644879|P22102,2.0,1.9286829332091417
153637826|P22102,2.0,2.0012648051074446
49864722|P22102,2.0,1.9964138514575067
3038495|P22102,2.0,2.173636141753363
150485018|P22102,2.0,1.9845859604222844
3496768|P22102,2.0,1.6661342640353747
44251387|P22102,2.0,2.0091856394407848
163408071|P22102,2.0,2.000471529814797
10596380|P22102,2.0,2.2853755255679813
153637821|P22102,2.0,2.000471529814797
137539657|P22102,2.0,2.0184021230418585
153637838|P22102,2.0,1.9948674104439466
137539347|P22102,2.0,1.9848796396755433
142540173|P22102,2.0,1.981783539798554
137539301|P22102,2.0,1.9729385894113325
25230881|P22102,2.0,1.9983383549525973
153637684|P22102,2.0,2.0003900035677415
68405874|P22102,2.0,2.0021216764004968
46884818|P22102,2.0,2.171677441931254
149829430|P22102,2.0,1.997594275845391
10732779|P22102,2.0,1.2671969286791291
153637858|P22102,2.0,2.019760504384327
45487384|P22102,2.0,2.0088072325428405
11794523|P22102,2.0,1.193325993150076
142540473|P22102,2.0,2.019281270509039
57970238|P22102,2.0,1.9963400968222045
21186192|P22102,2.0,2.0603083283611747
6466372|P22102,2.0,2.092170142364564
152123874|P22102,2.0,1.908492051681374
146490860|P22102,2.0,1.8634348136675645
153637779|P22102,2.0,2.0239875237478087
153637710|P22102,2.0,1.9707451359755137
137538901|P22102,2.0,1.943755363605683
44447994|P22102,2.0,1.6661127235756354
146490832|P22102,2.0,1.869543274728309
11209208|P22102,2.0,1.8883542340721908
146443662|P22102,2.0,1.8798818868866576
153637836|P22102,2.0,1.9790545416131227
10907460|P22102,2.0,1.7051771708621484
67548392|P22102,2.0,1.9953469149351024
127034966|P22102,2.0,2.0632871166341418
44345317|P22102,2.0,2.145896782551146
10238677|P22102,2.0,2.016339408097943
150353293|P22102,2.0,1.9733340892614353
153637709|P22102,2.0,1.9935874969555931
4992|P22102,2.0,2.010980229717549
146490634|P22102,2.0,1.8999983021104314
146490876|P22102,2.0,1.8904845466204263
44413096|P22102,2.0,2.030079507709773
137539362|P22102,2.0,1.9359730194988745
151604290|P22102,2.0,1.9839502557605315
68379135|P22102,2.0,1.916133964889804
5265|P22102,2.0,1.9916552622007146
12128801|P22102,2.0,2.0109976283585502
443391|P22102,2.0,1.9731350631820126
3559|P22102,2.0,1.803944755945613
137539338|P22102,2.0,2.004891836422711
45109862|P22102,2.0,2.073753282106453
146490640|P22102,2.0,1.9015594918075625
51003551|P22102,2.0,1.9397823352096617
5355|P22102,2.0,1.9149070838567206
142540499|P22102,2.0,1.9905488158589992
60795|P22102,2.0,1.9312164525274274
137539546|P22102,2.0,1.9755742870893385
153637750|P22102,2.0,2.0190232371894616
137539674|P22102,2.0,1.953499489221039
153637875|P22102,2.0,1.9941426832123141
142540146|P22102,2.0,1.9790066931632684
137539262|P22102,2.0,1.97200173098442
132607373|P22102,2.0,2.029225440917223
3033769|P22102,2.0,2.084260672954549
142426991|P22102,2.0,2.002028342856875
137539278|P22102,2.0,1.98972476668088
146490652|P22102,2.0,1.8475466677952503
137539065|P22102,2.0,2.0175624053305707
146490646|P22102,2.0,1.879995581365956
146490857|P22102,2.0,1.877111046232935
151102361|P22102,2.0,1.9286336736925034
44251388|P22102,2.0,1.8695277500361742
15124062|P22102,2.0,2.0165922886998127
46240228|P22102,2.0,2.0546255786504766
137539656|P22102,2.0,2.0100795221467145
46238686|P22102,2.0,2.0485471734731684
137653821|P22102,2.0,2.010742625416788
153637845|P22102,2.0,1.9772348005657046
46842383|P22102,2.0,2.0379789028443263
2769|P22102,2.0,2.188499475772292
137538578|P22102,2.0,2.00646521739404
10400783|P22102,2.0,1.2154980081399862
6448585|P22102,2.0,1.866217394222744
137539417|P22102,2.0,1.969222621334802
137539590|P22102,2.0,1.9927208473590161
152333305|P22102,2.0,2.028552188123142
15124068|P22102,2.0,1.9580303654869584
142540385|P22102,2.0,1.9732633790319054
142540160|P22102,2.0,2.0125888103889755
137538676|P22102,2.0,2.0180573522462977
146490903|P22102,2.0,1.9036852102716517
137539501|P22102,2.0,2.001702452431876
25207803|P22102,2.0,1.987111873699938
137539342|P22102,2.0,2.0069209316320036
67548498|P22102,2.0,1.938431706560641
25230948|P22102,2.0,2.0129243181955787
44318454|P22102,2.0,2.004988106923006
11470616|P22102,2.0,1.979342082821091
44398808|P22102,8.167491087293763,5.802642176465892
137538548|P22102,2.0,1.983083480489644
137539644|P22102,2.0,1.9407684679940675
152083923|P22102,2.0,1.9721534309557476
142540399|P22102,2.0,1.9634001772259044
10288169|P22102,2.0,2.048618792568491
10450082|P22102,2.0,2.0307597170558194
153637891|P22102,2.0,1.9763823601584942
146490827|P22102,2.0,1.9237135208090343
150617787|P22102,2.0,1.9623145848750023
153637679|P22102,2.0,1.9963266276985796
3035523|P22102,2.0,2.013592177966317
21186098|P22102,2.0,2.0587919128839416
44259|P22102,2.0,1.8615719480431503
137539292|P15101,2.0,1.691910805098845
137539329|P15101,2.0,3.794883611473751
11099480|P15101,2.0,67.02543660180433
11220599|P15101,2.0,31.25923150145062
10518133|P15101,2.0,76.30416822761774
15124057|P15101,3.9172146296835497,12.889320376211428
137539564|P15101,2.0,2.599144479130116
11730467|P15101,2.0,32.14843355134602
46885027|P15101,2.0,30.798299476549257
151746871|P15101,2.0,-0.9808425013261085
153637730|P15101,2.0,1.4140187180245742
142540253|P15101,2.0,2.6708903274488023
4797946|P15101,2.0,15.93363972162652
153637786|P15101,2.0,2.8431977628013225
153637753|P15101,2.0,3.34379805355888
151675446|P15101,2.0,3.3039893713751325
17863210|P15101,2.0,1.8755021679744626
146490978|P15101,2.0,8.527307879664795
9868793|P15101,2.0,30.04324096120174
44462219|P15101,2.0,30.073736279102715
137539191|P15101,2.0,3.8501380004465444
153637851|P15101,2.0,1.630899626228191
146299|P15101,2.0,67.71623892197128
137538569|P15101,2.0,0.4114740129690113
153637892|P15101,2.0,4.161170475171197
164613241|P15101,2.0,13.883301795557966
25099115|P15101,2.0,36.67474045216169
137539559|P15101,2.0,-2.1569630728222027
137539397|P15101,2.0,4.52980897797301
44306876|P15101,6.167491087293763,10.518163504640759
68551|P15101,2.0,40.549748711159005
10026300|P15101,2.0,33.81345095623448
5095|P15101,2.0,35.45299276431607
15124064|P15101,4.552841968657781,5.365779351238138
146490639|P15101,2.0,-1.5799692006241723
11277680|P15101,2.0,31.847207168636455
145962202|P15101,2.0,15.834868798803651
155210502|P15101,2.0,6.747353122535247
146443751|P15101,2.0,0.5582357482608709
137539728|P15101,2.0,-0.3623569895605141
16104|P15101,2.0,33.26559737405627
146490628|P15101,2.0,5.994804438278195
9947230|P15101,2.0,29.73213394170739
10381889|P15101,2.0,40.236979075124346
49864292|P15101,2.0,19.612881147038078
16082831|P15101,2.0,24.620595911762283
5615|P15101,2.0,27.733903584207233
44413202|P15101,2.0,13.785099004605714
160597|P15101,2.0,65.5861234950074
153637695|P15101,2.0,3.6534396924205215
153637832|P15101,2.0,2.8760384681921947
119570|P15101,2.0,22.370518972857305
153637762|P15101,2.0,2.047635047066344
156022974|P15101,2.0,7.6771619486493
146490674|P15101,2.0,7.424722382548523
142427004|P15101,2.0,5.197223240912649
137539409|P15101,2.0,-0.29113429521562817
142427011|P15101,2.0,4.398401957692679
442203|P15101,2.0,67.67078724475142
137538808|P15101,2.0,2.4060657656229036
127046493|P15101,2.0,17.848118734990116
153637720|P15101,2.0,0.3013161030339174
46884856|P15101,2.0,28.484391211417496
137539240|P15101,2.0,4.310592942843593
146491094|P15101,2.0,8.430454724992195
20070445|P15101,3.4449055514216806,16.821498426048446
146490861|P15101,2.0,-0.32597696444069374
142540098|P15101,2.0,-0.8981704129437696
137539305|P15101,2.0,1.8116708610674146
137539000|P15101,2.0,1.689418340466742
153637687|P15101,2.0,3.371337678496719
46175652|P15101,2.0,11.397741206361934
153637707|P15101,2.0,4.101810670169235
16037920|P15101,2.0,7.928395059062298
153637666|P15101,2.0,0.9352107262163468
44631910|P15101,2.0,11.931981067865289
4946|P15101,2.0,16.835395209573388
137538958|P15101,2.0,-0.17219661292698257
46885213|P15101,2.0,28.47882997352349
13891896|P15101,2.0,62.58768944338432
137539229|P15101,2.0,2.4910776133579393
10385855|P15101,2.0,28.398512681927837
142426965|P15101,2.0,4.07019771102519
149839126|P15101,2.0,-0.3875600552327064
146490828|P15101,2.0,1.7110317335151413
146490647|P15101,2.0,4.652269368903346
15124065|P15101,4.769551078621726,7.064879363298326
163408069|P15101,2.0,0.4011949543667467
153637827|P15101,2.0,0.4011949543667467
153637805|P15101,2.0,1.8552301736690016
137539592|P15101,2.0,2.849186236981425
153637662|P15101,2.0,3.236245719027165
18180076|P15101,2.0,13.844621103248564
137538729|P15101,2.0,1.2747513638436618
142540213|P15101,2.0,-0.14953007291735226
46830335|P15101,2.0,31.11823810446794
11580039|P15101,2.0,27.036448570371043
152409252|P15101,2.0,5.747481037257026
152121487|P15101,2.0,0.869050982280437
149731152|P15101,2.0,0.47431206784544455
146490626|P15101,2.0,4.403853123317941
146490645|P15101,2.0,6.4587761589518555
137539482|P15101,2.0,3.8164908579511727
44342270|P15101,2.0,23.900169165593372
146490649|P15101,2.0,5.3786714293530835
4585|P15101,2.0,27.790182901299502
11299968|P15101,2.0,36.473037642255264
137538707|P15101,2.0,1.062527128822773
153637815|P15101,2.0,3.0773617422747686
142540187|P15101,2.0,-0.883971137261512
11357862|P15101,2.0,31.052089013250765
49836386|P15101,2.0,26.715917974094165
150351504|P15101,2.0,0.30002925847342204
13477989|P15101,3.694648630553376,8.310647480870097
137539351|P15101,2.0,2.3798051050793996
151664222|P15101,2.0,5.2485745527477174
149747008|P15101,2.0,0.6170703775376996
44304314|P15101,2.0,26.675508049793596
146490633|P15101,2.0,-1.7488871904340855
151424138|P15101,2.0,6.823309149871375
137539510|P15101,2.0,5.8515126625208875
10288197|P15101,2.0,6.211597252712353
52941478|P15101,2.0,15.138076093020668
151991053|P15101,2.0,-1.1506821456487872
137539494|P15101,2.0,3.9234389716028493
142540244|P15101,2.0,3.851673115583552
146490623|P15101,2.0,8.505210873232532
11973780|P15101,2.0,20.680015816441877
10398787|P15101,5.920818753952375,5.7112615376738916
137538815|P15101,2.0,3.4230102024795714
146490865|P15101,2.0,8.035988048418528
137539398|P15101,2.0,0.8958661086114604
150519134|P15101,2.0,-1.673484642189616
10825736|P15101,2.0,76.36205009213897
153637741|P15101,2.0,2.6380176753407816
2995|P15101,2.0,27.742580158693638
44306637|P15101,4.309803919971486,9.710646180919843
9848518|P15101,2.0,14.793786534442509
15124063|P15101,4.2839966563652006,7.472050299326947
162779484|P15101,2.0,5.90624323540189
152186108|P15101,2.0,-0.4713457969540806
142540223|P15101,2.0,3.366046167557138
142427013|P15101,2.0,4.2746464085892395
153637846|P15101,2.0,2.678356140016299
137644879|P15101,2.0,21.048327072707213
153637826|P15101,2.0,3.366046167557138
49864722|P15101,2.0,14.194548796886403
3038495|P15101,2.0,32.21681797637756
150485018|P15101,2.0,1.5562196464921245
3496768|P15101,2.0,65.27767882303144
44251387|P15101,2.0,17.91785914813051
163408071|P15101,2.0,1.5046468736314085
10596380|P15101,2.0,33.23194467373621
153637821|P15101,2.0,1.5046468736314085
137539657|P15101,2.0,3.649148275830834
153637838|P15101,2.0,4.340330777390659
137539347|P15101,2.0,0.24614691170104608
142540173|P15101,2.0,-2.3015163157570613
137539301|P15101,2.0,4.035924939949861
25230881|P15101,2.0,8.31831363307616
153637684|P15101,2.0,2.218807364470409
68405874|P15101,2.0,13.170843808527962
46884818|P15101,2.0,29.73064982620708
149829430|P15101,2.0,2.0977752246597934
10732779|P15101,2.0,76.30416822761774
153637858|P15101,2.0,0.45352321461302864
45487384|P15101,2.0,19.005526553679385
11794523|P15101,2.0,37.3901479297625
142540473|P15101,2.0,2.545414796766097
57970238|P15101,2.0,12.453696754417264
21186192|P15101,2.0,11.733801593512874
6466372|P15101,2.0,17.00972390285601
152123874|P15101,2.0,7.192953338773145
146490860|P15101,2.0,-0.029373013448772776
153637779|P15101,2.0,1.8408789817053577
153637710|P15101,2.0,1.512603925163858
137538901|P15101,2.0,1.9828929192043794
44447994|P15101,2.0,65.12828648505132
146490832|P15101,2.0,1.8007859833545103
11209208|P15101,2.0,26.989195488323343
146443662|P15101,2.0,0.1666281962542512
153637836|P15101,2.0,3.198553133677294
10907460|P15101,2.0,40.091695087816284
67548392|P15101,2.0,8.9154403567253
127034966|P15101,2.0,27.68688596953503
44345317|P15101,2.0,33.185982012559414
10238677|P15101,2.0,6.531313380837021
150353293|P15101,2.0,3.7588194607263516
153637709|P15101,2.0,1.1683513807628225
4992|P15101,2.0,25.620513693232645
146490634|P15101,2.0,0.07554129453951541
146490876|P15101,2.0,0.15112006167153055
44413096|P15101,2.0,5.246251151347106
137539362|P15101,2.0,2.566151077906818
151604290|P15101,2.0,1.0598072522042141
68379135|P15101,2.0,19.4442132621967
5265|P15101,2.0,26.936793477857254
12128801|P15101,2.0,3.2971540817870832
443391|P15101,2.0,22.870204610877256
3559|P15101,2.0,31.69475903165518
137539338|P15101,2.0,1.7919372666975444
45109862|P15101,2.0,18.89838155031143
146490640|P15101,2.0,-1.184805910240302
51003551|P15101,2.0,19.91946098032927
5355|P15101,2.0,31.263081623459954
142540499|P15101,2.0,-0.804627390707997
60795|P15101,2.0,31.451882904630672
137539546|P15101,2.0,-0.5436917250478158
153637750|P15101,2.0,1.4193803253980286
137539674|P15101,2.0,1.2031237130435048
153637875|P15101,2.0,-1.4444357344127596
142540146|P15101,2.0,2.7658643140962282
137539262|P15101,2.0,-0.6927093295561744
132607373|P15101,2.0,22.995603497172063
3033769|P15101,2.0,33.24151991420584
142426991|P15101,2.0,4.9408947704844515
137539278|P15101,2.0,2.1877734461413256
146490652|P15101,2.0,7.070153638399545
137539065|P15101,2.0,2.9515868334824753
146490646|P15101,2.0,0.4048026344630799
146490857|P15101,2.0,-0.5317120485230021
151102361|P15101,2.0,7.2632401888158915
44251388|P15101,2.0,19.17748679964948
15124062|P15101,4.017728766960432,2.911146060904455
46240228|P15101,2.0,7.273357084791097
137539656|P15101,2.0,4.310592942843593
46238686|P15101,2.0,7.435912212649324
137653821|P15101,2.0,12.4238129529038
153637845|P15101,2.0,3.371337678496719
46842383|P15101,2.0,32.71986562869967
2769|P15101,2.0,29.46136684276306
137538578|P15101,2.0,2.700521393251705
10400783|P15101,2.0,76.36205009213897
6448585|P15101,2.0,20.082988082852715
137539417|P15101,2.0,3.508990028344107
137539590|P15101,2.0,-0.29905141891817294
152333305|P15101,2.0,4.262206712980119
15124068|P15101,4.327902142064283,12.856628781284991
142540385|P15101,2.0,-0.5193317282949438
142540160|P15101,2.0,2.504530938141333
137538676|P15101,2.0,0.13499655929397997
146490903|P15101,2.0,6.861869234932859
137539501|P15101,2.0,1.5112087324084047
25207803|P15101,2.0,8.257427819953897
137539342|P15101,2.0,1.4721593318297443
67548498|P15101,2.0,5.1329188930607295
25230948|P15101,2.0,8.670601740280835
44318454|P15101,2.0,39.69440804856492
11470616|P15101,2.0,31.33619769223542
44398808|P15101,2.0,16.65340280452671
137538548|P15101,2.0,-0.5585468216404483
137539644|P15101,2.0,0.9464198018272801
152083923|P15101,2.0,2.4558953867570246
142540399|P15101,2.0,5.38976311589644
10288169|P15101,2.0,4.313315220332581
10450082|P15101,2.0,30.014470875444655
153637891|P15101,2.0,2.9169041783228766
146490827|P15101,2.0,0.10347128198479642
150617787|P15101,2.0,6.80792947772805
153637679|P15101,2.0,-0.4876537965040152
3035523|P15101,5.585026652029182,5.8896231985310745
21186098|P15101,2.0,14.062409550542752
44259|P15101,2.0,19.011764678165903
137539292|Q4KLH9,2.0,2.595598757786617
137539329|Q4KLH9,2.0,2.631615995549942
11099480|Q4KLH9,2.0,2.3405072149127633
11220599|Q4KLH9,2.0,2.137983517157407
10518133|Q4KLH9,2.0,2.299874569078011
15124057|Q4KLH9,2.0,2.6376064766473992
137539564|Q4KLH9,2.0,2.6740711269473696
11730467|Q4KLH9,2.0,2.375162094059371
46885027|Q4KLH9,2.0,2.6011204630118456
151746871|Q4KLH9,2.0,2.6237171853088217
153637730|Q4KLH9,2.0,2.6193259215223748
142540253|Q4KLH9,2.0,2.580455016509875
4797946|Q4KLH9,2.0,2.0992989696775624
153637786|Q4KLH9,2.0,2.6529239805032954
153637753|Q4KLH9,2.0,2.617039040598756
151675446|Q4KLH9,2.0,2.638721803276725
17863210|Q4KLH9,2.0,2.4750758983189605
146490978|Q4KLH9,2.0,2.7220364257302907
9868793|Q4KLH9,2.0,2.53867522440026
44462219|Q4KLH9,2.0,1.0313616819727918
137539191|Q4KLH9,2.0,2.5521191387894686
153637851|Q4KLH9,2.0,2.6658254026499435
146299|Q4KLH9,2.0,2.3932057156999886
137538569|Q4KLH9,2.0,2.5691812316508558
153637892|Q4KLH9,2.0,2.6670112192670694
164613241|Q4KLH9,2.0,2.1815297418829114
25099115|Q4KLH9,2.0,2.1621476616270128
137539559|Q4KLH9,2.0,2.5909527436609876
137539397|Q4KLH9,2.0,2.5552385555085193
44306876|Q4KLH9,2.0,2.0263273313209575
68551|Q4KLH9,2.0,2.2221500740562505
10026300|Q4KLH9,2.0,1.937588233848496
5095|Q4KLH9,2.0,2.0562873158962156
15124064|Q4KLH9,2.0,2.030386876335989
146490639|Q4KLH9,2.0,2.5049698667967215
11277680|Q4KLH9,2.0,2.6373400964407705
145962202|Q4KLH9,2.0,2.857294689785886
155210502|Q4KLH9,2.0,2.4595843998454985
146443751|Q4KLH9,2.0,2.634058160485924
137539728|Q4KLH9,2.0,2.644398798837525
16104|Q4KLH9,2.0,1.6798825470511363
146490628|Q4KLH9,2.0,2.610911661336541
9947230|Q4KLH9,2.0,0.9500883265090428
10381889|Q4KLH9,2.0,2.426679061862967
49864292|Q4KLH9,2.0,2.2018581376774287
16082831|Q4KLH9,2.0,1.9628726149628344
5615|Q4KLH9,2.0,2.3154104078433293
44413202|Q4KLH9,2.0,2.7200302066979574
160597|Q4KLH9,2.0,2.282651327424549
153637695|Q4KLH9,2.0,2.6387135354540674
153637832|Q4KLH9,2.0,2.6352050846100394
119570|Q4KLH9,2.0,3.2122724938342504
153637762|Q4KLH9,2.0,2.6035782490851807
156022974|Q4KLH9,2.0,2.604262592234578
146490674|Q4KLH9,2.0,2.6466367350077493
142427004|Q4KLH9,2.0,2.6811051889321074
137539409|Q4KLH9,2.0,2.621756044522115
142427011|Q4KLH9,2.0,2.600649166510936
442203|Q4KLH9,2.0,2.328645084694463
137538808|Q4KLH9,2.0,2.6398125753753785
127046493|Q4KLH9,2.0,2.5947119670785126
153637720|Q4KLH9,2.0,2.6490751793787237
46884856|Q4KLH9,2.0,2.005305418830008
137539240|Q4KLH9,2.0,2.6072884971238603
146491094|Q4KLH9,2.0,2.568144287707706
20070445|Q4KLH9,2.0,2.257462278593344
146490861|Q4KLH9,2.0,2.4897223656899574
142540098|Q4KLH9,2.0,2.634482823136894
137539305|Q4KLH9,2.0,2.6295533562865527
137539000|Q4KLH9,2.0,2.6330407373748677
153637687|Q4KLH9,2.0,2.611680007233127
46175652|Q4KLH9,2.0,3.002393145621546
153637707|Q4KLH9,2.0,2.638285866125517
16037920|Q4KLH9,2.0,2.711934698149619
153637666|Q4KLH9,2.0,2.5793209645118025
44631910|Q4KLH9,2.0,3.029022604027722
4946|Q4KLH9,2.0,2.54911230063
137538958|Q4KLH9,2.0,2.6436590315667474
46885213|Q4KLH9,2.0,2.219345489567227
13891896|Q4KLH9,2.0,2.2792030215664174
137539229|Q4KLH9,2.0,2.5686551563948083
10385855|Q4KLH9,2.0,2.292514805814888
142426965|Q4KLH9,2.0,2.9024892729613105
149839126|Q4KLH9,2.0,2.686170507921143
146490828|Q4KLH9,2.0,2.6848560281956306
146490647|Q4KLH9,2.0,2.454080665678669
15124065|Q4KLH9,2.0,2.066218289213851
163408069|Q4KLH9,2.0,2.625239654530457
153637827|Q4KLH9,2.0,2.625239654530457
153637805|Q4KLH9,2.0,2.62833582314055
137539592|Q4KLH9,2.0,2.629120542872309
153637662|Q4KLH9,2.0,2.6169572291105676
18180076|Q4KLH9,2.0,2.2578394030164683
137538729|Q4KLH9,2.0,2.6427764322406673
142540213|Q4KLH9,2.0,2.661008947734415
46830335|Q4KLH9,2.0,2.5999408640460384
11580039|Q4KLH9,2.0,2.406004913218399
152409252|Q4KLH9,2.0,2.6097573471574673
152121487|Q4KLH9,2.0,2.635198992940522
149731152|Q4KLH9,2.0,2.6516863591442794
146490626|Q4KLH9,2.0,2.580487879091906
146490645|Q4KLH9,2.0,2.4354383035075977
137539482|Q4KLH9,2.0,2.678081369033315
44342270|Q4KLH9,2.0,2.991381863523072
146490649|Q4KLH9,2.0,2.5184689510941225
4585|Q4KLH9,2.0,1.6635975168349115
11299968|Q4KLH9,2.0,2.368399004499166
137538707|Q4KLH9,2.0,2.648192251032783
153637815|Q4KLH9,2.0,2.6172136418118432
142540187|Q4KLH9,2.0,2.699222704121978
11357862|Q4KLH9,2.0,2.6094164006288114
49836386|Q4KLH9,2.0,2.533685060961062
150351504|Q4KLH9,2.0,2.608721933529308
13477989|Q4KLH9,2.0,2.167810410464878
137539351|Q4KLH9,2.0,2.5446435269652605
151664222|Q4KLH9,2.0,2.6349155758095817
149747008|Q4KLH9,2.0,2.5806790642227386
44304314|Q4KLH9,2.0,1.3216209439941018
146490633|Q4KLH9,2.0,2.505267817334282
151424138|Q4KLH9,2.0,2.668861486057818
137539510|Q4KLH9,2.0,2.678654309545215
10288197|Q4KLH9,2.0,2.7873972809306
52941478|Q4KLH9,2.0,2.8012953900391304
151991053|Q4KLH9,2.0,2.610744680561786
137539494|Q4KLH9,2.0,2.556797792597758
142540244|Q4KLH9,2.0,2.660005453989179
146490623|Q4KLH9,2.0,2.608936273771536
11973780|Q4KLH9,2.0,1.8716709659559347
10398787|Q4KLH9,2.0,2.0172212009758184
137538815|Q4KLH9,2.0,2.6149776900658153
146490865|Q4KLH9,2.0,2.4332012160726824
137539398|Q4KLH9,2.0,2.5994629931547646
150519134|Q4KLH9,2.0,2.5732353030258635
10825736|Q4KLH9,2.0,2.5886819679454662
153637741|Q4KLH9,2.0,2.6390233068124758
2995|Q4KLH9,2.0,2.218015034912618
44306637|Q4KLH9,2.0,2.269187863366002
9848518|Q4KLH9,2.0,2.6898363813467183
15124063|Q4KLH9,2.0,2.134741725331169
162779484|Q4KLH9,2.0,2.6264174652598027
152186108|Q4KLH9,2.0,2.6090662562163818
142540223|Q4KLH9,2.0,2.6562150804058886
142427013|Q4KLH9,2.0,2.7047231475197826
153637846|Q4KLH9,2.0,2.6123871702514943
137644879|Q4KLH9,5.798602875679548,7.470452725701651
153637826|Q4KLH9,2.0,2.6562150804058886
49864722|Q4KLH9,2.0,2.1729680603232064
3038495|Q4KLH9,2.0,1.7520926912903072
150485018|Q4KLH9,2.0,2.651939179606024
3496768|Q4KLH9,2.0,2.330691894892457
44251387|Q4KLH9,2.0,2.2588432443446047
163408071|Q4KLH9,2.0,2.6537407697601387
10596380|Q4KLH9,2.0,1.9009454497783873
153637821|Q4KLH9,2.0,2.6537407697601387
137539657|Q4KLH9,2.0,2.542542567811652
153637838|Q4KLH9,2.0,2.6591982926486217
137539347|Q4KLH9,2.0,2.6543351001773794
142540173|Q4KLH9,2.0,2.6190972421850067
137539301|Q4KLH9,2.0,2.7367652826741633
25230881|Q4KLH9,2.0,2.6552233188351
153637684|Q4KLH9,2.0,2.611135445762192
68405874|Q4KLH9,2.0,2.8994683179763134
46884818|Q4KLH9,2.0,1.9547186163039958
149829430|Q4KLH9,2.0,2.6674268921771143
10732779|Q4KLH9,2.0,2.299874569078011
153637858|Q4KLH9,2.0,2.6162957549098707
45487384|Q4KLH9,2.0,2.212688063387507
11794523|Q4KLH9,2.0,2.1456495038728782
142540473|Q4KLH9,2.0,2.6044252143491198
57970238|Q4KLH9,5.282329496997738,7.574333592103721
21186192|Q4KLH9,2.0,2.1218350525780965
6466372|Q4KLH9,2.0,1.8864367891332288
152123874|Q4KLH9,2.0,2.726573708638015
146490860|Q4KLH9,2.0,2.441910675701877
153637779|Q4KLH9,2.0,2.6912945332447613
153637710|Q4KLH9,2.0,2.5823634047530635
137538901|Q4KLH9,2.0,2.708692845267182
44447994|Q4KLH9,2.0,2.32434698692583
146490832|Q4KLH9,2.0,2.4771610223748826
11209208|Q4KLH9,2.0,1.8732567700437264
146443662|Q4KLH9,2.0,2.6093106474232264
153637836|Q4KLH9,2.0,2.6417029846549016
10907460|Q4KLH9,2.0,2.944967435497545
67548392|Q4KLH9,2.0,2.824390086957967
127034966|Q4KLH9,2.0,2.6810846406004667
44345317|Q4KLH9,2.0,2.584974995842308
10238677|Q4KLH9,2.0,3.0277372755989163
150353293|Q4KLH9,2.0,2.6701991071629405
153637709|Q4KLH9,2.0,2.6802569585550993
4992|Q4KLH9,2.0,3.080924714860193
146490634|Q4KLH9,2.0,2.622318444480028
146490876|Q4KLH9,2.0,2.6278532150542677
44413096|Q4KLH9,2.0,3.0335050240504633
137539362|Q4KLH9,2.0,2.6549505974096976
151604290|Q4KLH9,2.0,2.651153494924749
68379135|Q4KLH9,5.735182176990463,4.8831707344277895
5265|Q4KLH9,2.0,2.1314381405719054
12128801|Q4KLH9,2.0,2.6892260749264154
443391|Q4KLH9,2.0,1.480606585292658
3559|Q4KLH9,2.0,1.961512692078843
137539338|Q4KLH9,2.0,2.632453680096562
45109862|Q4KLH9,2.0,2.4843613121974717
146490640|Q4KLH9,2.0,2.3804275112806925
51003551|Q4KLH9,2.0,2.227328338109648
5355|Q4KLH9,2.0,2.506734992039576
142540499|Q4KLH9,2.0,2.643356080141543
60795|Q4KLH9,2.0,3.601596305909507
137539546|Q4KLH9,2.0,2.624771586386156
153637750|Q4KLH9,2.0,2.611511001274197
137539674|Q4KLH9,2.0,2.688872965848654
153637875|Q4KLH9,2.0,2.596612895014459
142540146|Q4KLH9,2.0,2.6281756385357817
137539262|Q4KLH9,2.0,2.5946083225807555
132607373|Q4KLH9,6.318758762624412,5.485068463474604
3033769|Q4KLH9,2.0,2.1265975376084296
142426991|Q4KLH9,2.0,2.6796185954903664
137539278|Q4KLH9,2.0,2.5801388176035456
146490652|Q4KLH9,2.0,2.628110038081622
137539065|Q4KLH9,2.0,2.6095691698305767
146490646|Q4KLH9,2.0,2.380119393087299
146490857|Q4KLH9,2.0,2.4355676003874476
151102361|Q4KLH9,2.0,2.6819243565642936
44251388|Q4KLH9,2.0,2.307299244729665
15124062|Q4KLH9,2.0,1.9204554872266448
46240228|Q4KLH9,2.0,2.800681664095904
137539656|Q4KLH9,2.0,2.6072884971238603
46238686|Q4KLH9,2.0,2.7981111046158866
137653821|Q4KLH9,4.698970004336019,7.633861214767423
153637845|Q4KLH9,2.0,2.611680007233127
46842383|Q4KLH9,2.0,2.246086937967689
2769|Q4KLH9,2.0,2.0018146432512025
137538578|Q4KLH9,2.0,2.6359445224808544
10400783|Q4KLH9,2.0,2.5886819679454662
6448585|Q4KLH9,2.0,3.0151621636412598
137539417|Q4KLH9,2.0,2.6721831423907227
137539590|Q4KLH9,2.0,2.619147960120947
152333305|Q4KLH9,2.0,2.5923766575630287
15124068|Q4KLH9,2.0,2.110689886600921
142540385|Q4KLH9,2.0,2.6712524744378814
142540160|Q4KLH9,2.0,2.6086317414184657
137538676|Q4KLH9,2.0,2.59748514707331
146490903|Q4KLH9,2.0,2.569407472161343
137539501|Q4KLH9,2.0,2.6403632009416893
25207803|Q4KLH9,2.0,2.662854725001972
137539342|Q4KLH9,2.0,2.6326821046898035
67548498|Q4KLH9,2.0,2.8654290453082654
25230948|Q4KLH9,2.0,2.6606676655328654
44318454|Q4KLH9,2.0,2.454877248106548
11470616|Q4KLH9,2.0,2.327987260354523
44398808|Q4KLH9,2.0,2.0708108227290993
137538548|Q4KLH9,2.0,2.626412936077753
137539644|Q4KLH9,2.0,2.5691879587698754
152083923|Q4KLH9,2.0,2.6161012157266237
142540399|Q4KLH9,2.0,2.652545660754409
10288169|Q4KLH9,2.0,3.04578763444418
10450082|Q4KLH9,2.0,1.4121824295633922
153637891|Q4KLH9,2.0,2.5580433736284496
146490827|Q4KLH9,2.0,2.6157712787085137
150617787|Q4KLH9,2.0,2.5907391472671764
153637679|Q4KLH9,2.0,2.6014936335282934
3035523|Q4KLH9,2.0,2.085591668874729
21186098|Q4KLH9,2.0,2.2327513050458148
44259|Q4KLH9,2.0,2.2483135079199625
137539292|P09172,2.0,1.8003862912606812
137539329|P09172,2.0,3.9031397218398025
11099480|P09172,2.0,67.17433854314447
11220599|P09172,2.0,31.40308945381085
10518133|P09172,2.0,76.51438384217481
15124057|P09172,3.920000012504863,12.876710987203628
137539564|P09172,2.0,2.6970191179032543
11730467|P09172,2.0,32.29428933086795
46885027|P09172,2.0,30.86761919606203
151746871|P09172,2.0,-0.879964868600534
153637730|P09172,2.0,1.5183951683076782
142540253|P09172,2.0,2.7665711915435742
4797946|P09172,2.0,15.972200564647043
153637786|P09172,2.0,2.9528139997385883
153637753|P09172,2.0,3.4552277714601245
151675446|P09172,2.0,3.397366131010351
17863210|P09172,2.0,1.9565541828968098
146490978|P09172,2.0,8.431902428646739
9868793|P09172,2.0,30.155124277755938
44462219|P09172,2.0,30.19955312955717
137539191|P09172,2.0,3.936739546971141
153637851|P09172,2.0,1.7375042268162268
146299|P09172,2.0,67.86750652307184
137538569|P09172,2.0,0.5151334846942761
153637892|P09172,2.0,4.258492396081869
164613241|P09172,2.0,13.919921608982474
25099115|P09172,2.0,36.93813130480508
137539559|P09172,2.0,-2.066221370810435
137539397|P09172,2.0,4.6124244345520795
44306876|P09172,6.170001911302621,10.51041778571197
68551|P09172,2.0,40.70623602705471
10026300|P09172,2.0,33.95431775909818
5095|P09172,2.0,35.59178030830793
15124064|P09172,4.5499999894083,5.355030073128313
146490639|P09172,2.0,-1.7211179366726137
11277680|P09172,2.0,31.996573280153687
145962202|P09172,2.0,16.002282785348434
155210502|P09172,2.0,6.612745583415125
146443751|P09172,2.0,0.43491885455625423
137539728|P09172,2.0,-0.2651433703750687
16104|P09172,2.0,33.35890591104876
146490628|P09172,2.0,5.833595634618446
9947230|P09172,2.0,29.859334586905
10381889|P09172,2.0,40.403538864821336
49864292|P09172,2.0,19.700102940822187
16082831|P09172,2.0,24.823679302597238
5615|P09172,2.0,27.840985216039655
44413202|P09172,2.0,13.997652091326458
160597|P09172,2.0,65.73495599456099
153637695|P09172,2.0,3.7577916971945475
153637832|P09172,2.0,2.9670634128516373
119570|P09172,2.0,22.488322270268647
153637762|P09172,2.0,2.1468885755697293
156022974|P09172,2.0,7.5358406813629095
146490674|P09172,2.0,7.31154695207068
142427004|P09172,2.0,5.273016411405643
137539409|P09172,2.0,-0.18998881889453403
142427011|P09172,2.0,4.4903827076547165
442203|P09172,2.0,67.82569475021158
137538808|P09172,2.0,2.517873159348641
127046493|P09172,2.0,17.978600991793023
153637720|P09172,2.0,0.4079707467657864
46884856|P09172,2.0,28.566991606424185
137539240|P09172,2.0,4.412647638572444
146491094|P09172,2.0,8.335020532808949
20070445|P09172,3.44999999906189,16.841304828951397
146490861|P09172,2.0,-0.4438200733677337
142540098|P09172,2.0,-0.7926828219809522
137539305|P09172,2.0,1.9223739677371068
137539000|P09172,2.0,1.787675394957603
153637687|P09172,2.0,3.472045327574897
46175652|P09172,2.0,11.61293065520996
153637707|P09172,2.0,4.211401702016973
16037920|P09172,2.0,8.109207975355796
153637666|P09172,2.0,1.0354209833807657
44631910|P09172,2.0,12.13732202736684
4946|P09172,2.0,16.924481479266824
137538958|P09172,2.0,-0.06363444692246265
46885213|P09172,2.0,28.54788312842177
13891896|P09172,2.0,62.733660198402745
137539229|P09172,2.0,2.5671610865324017
10385855|P09172,2.0,28.503617836823537
142426965|P09172,2.0,4.150310664494911
149839126|P09172,2.0,-0.2738787032442691
146490828|P09172,2.0,1.5968302844107012
146490647|P09172,2.0,4.506144528501281
15124065|P09172,4.769999911123512,7.06230244865106
163408069|P09172,2.0,0.5025731433205446
153637827|P09172,2.0,0.5025731433205446
153637805|P09172,2.0,1.9639797709254043
137539592|P09172,2.0,2.958310774479223
153637662|P09172,2.0,3.3265248760514163
18180076|P09172,2.0,13.897220679353726
137538729|P09172,2.0,1.3826232724954863
142540213|P09172,2.0,-0.03779248636169177
46830335|P09172,2.0,31.20249733618821
11580039|P09172,2.0,27.132622213624312
152409252|P09172,2.0,5.851725582225958
152121487|P09172,2.0,0.9781612353707889
149731152|P09172,2.0,0.5806386154195082
146490626|P09172,2.0,4.270070520000764
146490645|P09172,2.0,6.319254566059575
137539482|P09172,2.0,3.936253241264722
44342270|P09172,2.0,23.95114903936683
146490649|P09172,2.0,5.215008653988217
4585|P09172,2.0,27.875252243183393
11299968|P09172,2.0,36.63746170346784
137538707|P09172,2.0,1.156412754441959
153637815|P09172,2.0,3.1792877723538577
142540187|P09172,2.0,-0.7635023894995979
11357862|P09172,2.0,31.18072266981297
49836386|P09172,2.0,26.81227045271285
150351504|P09172,2.0,0.40731401068960094
13477989|P09172,3.690000009501577,8.305929843799271
137539351|P09172,2.0,2.4687943507784547
151664222|P09172,2.0,5.3510855292888815
149747008|P09172,2.0,0.7136409179261942
44304314|P09172,2.0,26.764608735150198
146490633|P09172,2.0,-1.8944372373891318
151424138|P09172,2.0,6.94112861702037
137539510|P09172,2.0,5.971967761549873
10288197|P09172,2.0,6.400641399347674
52941478|P09172,2.0,15.298811451552309
151991053|P09172,2.0,-1.0638832712103312
137539494|P09172,2.0,3.9983118076168687
142540244|P09172,2.0,3.964143340652533
146490623|P09172,2.0,8.390504669791646
11973780|P09172,2.0,20.917556105548236
10398787|P09172,5.920001601921648,5.690576672679579
137538815|P09172,2.0,3.5095861004924607
146490865|P09172,2.0,7.91685613173997
137539398|P09172,2.0,0.9813812833572573
150519134|P09172,2.0,-1.5800308902390767
10825736|P09172,2.0,76.51789893301705
153637741|P09172,2.0,2.7417456407268004
2995|P09172,2.0,27.879522278869164
44306637|P09172,4.3100000171743025,9.689204139022152
9848518|P09172,2.0,14.947611732617613
15124063|P09172,4.279999967105453,7.463936838978078
162779484|P09172,2.0,6.013214795065605
152186108|P09172,2.0,-0.38191377054053766
142540223|P09172,2.0,3.4758913229414525
142427013|P09172,2.0,4.370972626889607
153637846|P09172,2.0,2.7849465972226715
137644879|P09172,2.0,21.054395539562144
153637826|P09172,2.0,3.4758913229414525
49864722|P09172,2.0,14.25412140375025
3038495|P09172,2.0,32.25536919071486
150485018|P09172,2.0,1.6701300076990788
3496768|P09172,2.0,65.4199417179643
44251387|P09172,2.0,17.977014436683845
163408071|P09172,2.0,1.6119839309245005
10596380|P09172,2.0,33.37934542693606
153637821|P09172,2.0,1.6119839309245005
137539657|P09172,2.0,3.7423002633745086
153637838|P09172,2.0,4.453451253909155
137539347|P09172,2.0,0.354315404360122
142540173|P09172,2.0,-2.2050576390120407
137539301|P09172,2.0,4.150498787709696
25230881|P09172,2.0,8.442814982880998
153637684|P09172,2.0,2.322362144446629
68405874|P09172,2.0,13.327917257489895
46884818|P09172,2.0,29.803716911817467
149829430|P09172,2.0,2.2211633961241124
10732779|P09172,2.0,76.51438384217481
153637858|P09172,2.0,0.5575917957173058
45487384|P09172,2.0,19.094969244021367
11794523|P09172,2.0,37.42404195395506
142540473|P09172,2.0,2.6423970885845396
57970238|P09172,2.0,12.497140227818983
21186192|P09172,2.0,11.80001600919362
6466372|P09172,2.0,17.043995593515813
152123874|P09172,2.0,7.310087392122611
146490860|P09172,2.0,-0.14405043885874652
153637779|P09172,2.0,1.9446953641456064
153637710|P09172,2.0,1.6290708273928136
137538901|P09172,2.0,2.0821552825830683
44447994|P09172,2.0,65.27162147061968
146490832|P09172,2.0,1.6714277755085825
11209208|P09172,2.0,27.167042864876258
146443662|P09172,2.0,0.0073456196410761985
153637836|P09172,2.0,3.30853775141504
10907460|P09172,2.0,40.24146614394405
67548392|P09172,2.0,9.075998197164342
127034966|P09172,2.0,27.7215052458201
44345317|P09172,2.0,33.325129355666945
10238677|P09172,2.0,6.7439987292587595
150353293|P09172,2.0,3.88239112177517
153637709|P09172,2.0,1.2622319515877252
4992|P09172,2.0,25.671940017629
146490634|P09172,2.0,-0.02693402470623779
146490876|P09172,2.0,0.02668617981436321
44413096|P09172,2.0,5.441589538437095
137539362|P09172,2.0,2.6769670155123437
151604290|P09172,2.0,1.1694011087958562
68379135|P09172,2.0,19.57156453553641
5265|P09172,2.0,27.060630332324084
12128801|P09172,2.0,3.418172323386192
443391|P09172,2.0,22.963375907466833
3559|P09172,2.0,31.81012486167329
137539338|P09172,2.0,1.9093693623466046
45109862|P09172,2.0,18.938806231903072
146490640|P09172,2.0,-1.3289621770567228
51003551|P09172,2.0,20.000679674304497
5355|P09172,2.0,31.362245954928824
142540499|P09172,2.0,-0.6952179396286807
60795|P09172,2.0,31.49667971575256
137539546|P09172,2.0,-0.44063889837603665
153637750|P09172,2.0,1.517645029538142
137539674|P09172,2.0,1.3000743837687394
153637875|P09172,2.0,-1.3529728984677238
142540146|P09172,2.0,2.872137816941578
137539262|P09172,2.0,-0.5931980545576215
132607373|P09172,2.0,23.09292941827685
3033769|P09172,2.0,33.3017519405925
142426991|P09172,2.0,5.01937983808933
137539278|P09172,2.0,2.2899184724246457
146490652|P09172,2.0,6.9151419317019664
137539065|P09172,2.0,3.049465573166566
146490646|P09172,2.0,0.2817685200582066
146490857|P09172,2.0,-0.6520166758104881
151102361|P09172,2.0,7.390534316227753
44251388|P09172,2.0,19.255451134876594
15124062|P09172,4.019996628416254,2.894946168276376
46240228|P09172,2.0,7.414074545353989
137539656|P09172,2.0,4.412647638572444
46238686|P09172,2.0,7.576044816376315
137653821|P09172,2.0,12.470694752713065
153637845|P09172,2.0,3.472045327574897
46842383|P09172,2.0,32.79672811525829
2769|P09172,2.0,29.480890205004965
137538578|P09172,2.0,2.7979649897489507
10400783|P09172,2.0,76.51789893301705
6448585|P09172,2.0,20.322551346609046
137539417|P09172,2.0,3.6146664521681773
137539590|P09172,2.0,-0.19632454651152587
152333305|P09172,2.0,4.352959296976057
15124068|P09172,4.330000038335378,12.870968992294715
142540385|P09172,2.0,-0.40358444028838664
142540160|P09172,2.0,2.602394437335378
137538676|P09172,2.0,0.2440541561496775
146490903|P09172,2.0,6.740275035397965
137539501|P09172,2.0,1.6161942033822674
25207803|P09172,2.0,8.383637026481008
137539342|P09172,2.0,1.5787483465666439
67548498|P09172,2.0,5.296909486018584
25230948|P09172,2.0,8.792357003070972
44318454|P09172,2.0,39.86253033045351
11470616|P09172,2.0,31.48991621708725
44398808|P09172,2.0,16.674910608783474
137538548|P09172,2.0,-0.4582597357150752
137539644|P09172,2.0,1.044933067919778
152083923|P09172,2.0,2.5512018258125484
142540399|P09172,2.0,5.483270045692385
10288169|P09172,2.0,4.4985578936688855
10450082|P09172,2.0,30.09843196644049
153637891|P09172,2.0,3.007931859036528
146490827|P09172,2.0,-0.009180392408472402
150617787|P09172,2.0,6.906636128654931
153637679|P09172,2.0,-0.39166306325257816
3035523|P09172,5.589999287456538,5.865662059487641
21186098|P09172,2.0,14.128353093848729
44259|P09172,2.0,19.124026345990544
137539292|P25099,2.0,3.9950419629055873
137539329|P25099,2.0,4.049655493768784
11099480|P25099,2.0,1.8444352235923183
11220599|P25099,2.0,1.015514961824315
10518133|P25099,2.0,1.9314022238954478
15124057|P25099,2.0,2.688318664036696
137539564|P25099,2.0,4.014697793411614
11730467|P25099,2.0,1.8328554376722697
46885027|P25099,2.0,2.5096816750351296
151746871|P25099,2.0,4.292010001169283
153637730|P25099,2.0,4.0068132578348585
142540253|P25099,2.0,3.9765653738180506
4797946|P25099,2.0,1.9539050572226968
153637786|P25099,2.0,4.125339678271039
153637753|P25099,2.0,4.091954492056902
151675446|P25099,2.0,4.105713558451576
17863210|P25099,2.0,3.61568890595067
146490978|P25099,2.0,5.044787655581472
9868793|P25099,2.0,1.2760219063677023
44462219|P25099,2.0,2.336099109704787
137539191|P25099,2.0,3.738053389756647
153637851|P25099,2.0,4.427234005493967
146299|P25099,2.0,1.880905763132086
137538569|P25099,2.0,4.013844534971563
153637892|P25099,2.0,4.308687981356763
164613241|P25099,2.0,1.9264317557366495
25099115|P25099,2.0,2.2799877382061062
137539559|P25099,2.0,4.314757207506403
137539397|P25099,2.0,4.003119281361684
44306876|P25099,2.0,1.8920017102770121
68551|P25099,2.0,1.851903358280751
10026300|P25099,2.0,1.6586033471962978
5095|P25099,2.0,1.6926002811350744
15124064|P25099,2.0,1.9355064769969264
146490639|P25099,2.0,4.77092581879795
11277680|P25099,2.0,2.0534147500849627
145962202|P25099,2.0,4.57026970928994
155210502|P25099,2.0,4.2653291861893345
146443751|P25099,2.0,5.077961879325308
137539728|P25099,2.0,4.418105512928195
16104|P25099,2.0,1.9498617792537918
146490628|P25099,2.0,4.582431360296263
9947230|P25099,2.0,2.329003062215141
10381889|P25099,2.0,2.126948775570809
49864292|P25099,2.0,2.063764849150547
16082831|P25099,2.0,1.9827793913855096
5615|P25099,2.0,1.712754675134079
44413202|P25099,2.0,4.070102573033193
160597|P25099,2.0,1.8120983432874629
153637695|P25099,2.0,4.086784066497499
153637832|P25099,2.0,4.032810702225514
119570|P25099,2.0,2.1007066048970775
153637762|P25099,2.0,4.05177189793421
156022974|P25099,2.0,4.828886106803343
146490674|P25099,2.0,4.82316187957042
142427004|P25099,2.0,4.269882848992106
137539409|P25099,2.0,4.144411900559432
142427011|P25099,2.0,5.047089235764663
442203|P25099,2.0,1.8789152858534608
137538808|P25099,2.0,4.087157597243035
127046493|P25099,2.0,5.452764453674785
153637720|P25099,2.0,4.099874163340357
46884856|P25099,2.0,1.2803974825915578
137539240|P25099,2.0,4.045965253028157
146491094|P25099,2.0,4.800585092057087
20070445|P25099,2.0,1.6427697639884862
146490861|P25099,2.0,4.81845018156217
142540098|P25099,2.0,4.1661739842218495
137539305|P25099,2.0,4.10317817140408
137539000|P25099,2.0,4.120892425254049
153637687|P25099,2.0,4.072824093619491
46175652|P25099,2.0,4.88583305716428
153637707|P25099,2.0,4.06509112565132
16037920|P25099,2.0,4.045847476044952
153637666|P25099,2.0,3.939146437388866
44631910|P25099,2.0,5.0753035073724115
4946|P25099,2.0,4.47370132752028
137538958|P25099,2.0,4.339883594139106
46885213|P25099,2.0,2.2490244929072816
13891896|P25099,2.0,1.8084540079133657
137539229|P25099,2.0,4.117085402067281
10385855|P25099,2.0,2.037062725940986
142426965|P25099,2.0,4.579708749975373
149839126|P25099,2.0,4.46725747817856
146490828|P25099,2.0,5.062741002745958
146490647|P25099,2.0,4.21402102371347
15124065|P25099,2.0,1.9860811477156406
163408069|P25099,2.0,4.082926910605748
153637827|P25099,2.0,4.082926910605748
153637805|P25099,2.0,4.047962739671091
137539592|P25099,2.0,4.143521183314504
153637662|P25099,2.0,4.076955852906618
18180076|P25099,2.0,1.1490759218606152
137538729|P25099,2.0,4.255501811751425
142540213|P25099,2.0,4.205979425906335
46830335|P25099,2.0,2.620366833055397
11580039|P25099,2.0,1.9615482479357915
152409252|P25099,2.0,3.723112904619816
152121487|P25099,2.0,4.143887478164381
149731152|P25099,2.0,4.190485409557689
146490626|P25099,2.0,5.182676065361096
146490645|P25099,2.0,4.40471877330139
137539482|P25099,2.0,4.747165021230762
44342270|P25099,2.0,2.3427778463122424
146490649|P25099,2.0,4.347079280674528
4585|P25099,2.0,4.314797827396059
11299968|P25099,2.0,1.9335393544278048
137538707|P25099,2.0,4.162494343637141
153637815|P25099,2.0,4.051256973845968
142540187|P25099,2.0,4.4590431039093135
11357862|P25099,2.0,2.977651725585194
49836386|P25099,2.0,1.5902490189766607
150351504|P25099,2.0,4.3310047908035765
13477989|P25099,2.0,2.051143102347205
137539351|P25099,2.0,3.9441123286568844
151664222|P25099,2.0,3.797374620598629
149747008|P25099,2.0,3.8402923698347555
44304314|P25099,2.0,-0.29126432834680926
146490633|P25099,2.0,4.966041643803925
151424138|P25099,2.0,4.243536437406397
137539510|P25099,2.0,3.9172613646169707
10288197|P25099,2.0,3.8415459592492995
52941478|P25099,2.0,3.306311841005525
151991053|P25099,2.0,4.141969460431064
137539494|P25099,2.0,4.078562631768036
142540244|P25099,2.0,4.158064951997078
146490623|P25099,2.0,5.072765019303396
11973780|P25099,2.0,2.055067322337183
10398787|P25099,2.0,2.008209374532564
137538815|P25099,2.0,3.9952892834183387
146490865|P25099,2.0,3.890713886774635
137539398|P25099,2.0,3.9945049833578956
150519134|P25099,2.0,4.113553927877434
10825736|P25099,2.0,1.3171994956552089
153637741|P25099,2.0,4.0542414028508125
2995|P25099,2.0,1.9872548061127167
44306637|P25099,2.0,2.5241595674371853
9848518|P25099,2.0,5.3863167414419655
15124063|P25099,2.0,2.0478670699353043
162779484|P25099,2.0,3.757797248765746
152186108|P25099,2.0,4.101912752165911
142540223|P25099,2.0,4.011134019220261
142427013|P25099,2.0,5.305295443361096
153637846|P25099,2.0,4.096703980838225
137644879|P25099,2.0,3.045711608598548
153637826|P25099,2.0,4.011134019220261
49864722|P25099,2.0,1.6135977814786981
3038495|P25099,2.0,-0.39691281421929125
150485018|P25099,2.0,4.198264093510705
3496768|P25099,2.0,1.9146615365428112
44251387|P25099,2.0,2.0183522700362597
163408071|P25099,2.0,4.256330438605519
10596380|P25099,2.0,1.739612930207219
153637821|P25099,2.0,4.256330438605519
137539657|P25099,2.0,4.001945498192709
153637838|P25099,2.0,4.111290424447833
137539347|P25099,2.0,4.26423245575368
142540173|P25099,2.0,4.158113967524764
137539301|P25099,2.0,4.018266181689432
25230881|P25099,2.0,4.029314575594206
153637684|P25099,2.0,4.091345704040633
68405874|P25099,2.0,4.4511216655563315
46884818|P25099,2.0,1.5109699164682167
149829430|P25099,2.0,3.866435446126747
10732779|P25099,2.0,1.9314022238954478
153637858|P25099,2.0,4.286630184894608
45487384|P25099,2.0,3.0614384851074523
11794523|P25099,2.0,1.7467712804184767
142540473|P25099,2.0,4.054083531775213
57970238|P25099,2.0,2.2081936057112976
21186192|P25099,2.0,1.999332172291708
6466372|P25099,2.0,1.7339282914090541
152123874|P25099,2.0,3.4825904435031103
146490860|P25099,2.0,4.597700119410167
153637779|P25099,2.0,3.977756399830755
153637710|P25099,2.0,4.183156440543238
137538901|P25099,2.0,4.2904715288160515
44447994|P25099,2.0,1.933009869792463
146490832|P25099,2.0,4.109710126879369
11209208|P25099,2.0,0.2812971172307482
146443662|P25099,2.0,4.826732786112567
153637836|P25099,2.0,4.02531236796407
10907460|P25099,2.0,1.212981159334696
67548392|P25099,2.0,4.5420964901570375
127034966|P25099,2.0,1.2877566002344045
44345317|P25099,2.0,2.194585982790669
10238677|P25099,2.0,5.608706963202645
150353293|P25099,2.0,4.3274436936695535
153637709|P25099,2.0,4.255731992226422
4992|P25099,2.0,2.805996932913832
146490634|P25099,2.0,5.053711096130014
146490876|P25099,2.0,5.167082345009255
44413096|P25099,2.0,5.324806958598423
137539362|P25099,2.0,4.122296694077325
151604290|P25099,2.0,4.404415766393182
68379135|P25099,2.0,0.677917418748835
5265|P25099,2.0,2.623089138040426
12128801|P25099,2.0,4.266734831406646
443391|P25099,2.0,-0.32563782319993745
3559|P25099,2.0,0.8288709563485397
137539338|P25099,2.0,3.795232402729523
45109862|P25099,2.0,3.47498134346369
146490640|P25099,2.0,5.342698934199976
51003551|P25099,2.0,1.891521242771631
5355|P25099,2.0,2.672377875316385
142540499|P25099,2.0,4.345221596973615
60795|P25099,2.0,2.0920117453070155
137539546|P25099,2.0,4.179357416413092
153637750|P25099,2.0,4.0993608186416175
137539674|P25099,2.0,3.4558424306787283
153637875|P25099,2.0,4.017499969430026
142540146|P25099,2.0,4.092238489940029
137539262|P25099,2.0,4.083106844599892
132607373|P25099,2.0,4.527262440629697
3033769|P25099,2.0,2.3145084959089752
142426991|P25099,2.0,4.2619889150809
137539278|P25099,2.0,4.058971366624964
146490652|P25099,2.0,4.422015125761038
137539065|P25099,2.0,3.9534514096845217
146490646|P25099,2.0,5.163171579972545
146490857|P25099,2.0,5.155325517336167
151102361|P25099,2.0,4.622990751895992
44251388|P25099,2.0,2.361849550743288
15124062|P25099,2.0,2.0386933141934365
46240228|P25099,2.0,4.591916181922089
137539656|P25099,2.0,4.045965253028157
46238686|P25099,2.0,4.68382322688265
137653821|P25099,2.0,2.2143066966728053
153637845|P25099,2.0,4.072824093619491
46842383|P25099,2.0,1.6915145125915148
2769|P25099,2.0,0.5508051704947098
137538578|P25099,2.0,4.103737040391976
10400783|P25099,2.0,1.3171994956552089
6448585|P25099,7.2076083105017466,6.787751950293854
137539417|P25099,2.0,4.165088167183557
137539590|P25099,2.0,4.019936742752181
152333305|P25099,2.0,4.027116077695952
15124068|P25099,2.0,1.5145880428276621
142540385|P25099,2.0,4.405222284085642
142540160|P25099,2.0,4.0143566837157
137538676|P25099,2.0,4.352372643004662
146490903|P25099,2.0,5.1281714994917955
137539501|P25099,2.0,3.960370921257337
25207803|P25099,2.0,4.049960271369551
137539342|P25099,2.0,4.148674933321391
67548498|P25099,2.0,4.830963250623114
25230948|P25099,2.0,4.015738529252902
44318454|P25099,2.0,1.9449498764299822
11470616|P25099,2.0,1.4890339587390906
44398808|P25099,2.0,1.9549602530663268
137538548|P25099,2.0,4.052462923949961
137539644|P25099,2.0,4.064706439888941
152083923|P25099,2.0,4.029421371670357
142540399|P25099,2.0,4.253670816837479
10288169|P25099,2.0,5.279843389431032
10450082|P25099,2.0,-0.27458708047558894
153637891|P25099,2.0,3.9705428855303144
146490827|P25099,2.0,5.147409781662881
150617787|P25099,2.0,3.563232792287505
153637679|P25099,2.0,4.145442429729345
3035523|P25099,2.0,2.1416685056713534
21186098|P25099,2.0,1.985543314549495
44259|P25099,2.0,2.532439924705982
137539292|P32298,2.0,1.6127705936164345
137539329|P32298,2.0,1.6051340909929293
11099480|P32298,2.0,1.9034158281205926
11220599|P32298,2.0,1.316764866489561
10518133|P32298,2.0,1.5852347806899472
15124057|P32298,2.0,1.7185892519963577
137539564|P32298,2.0,1.618791252027559
11730467|P32298,2.0,1.6013511584945785
46885027|P32298,2.0,1.6235665077012287
151746871|P32298,2.0,1.6454672532080536
153637730|P32298,2.0,1.6230868336313067
142540253|P32298,2.0,1.6633648888232657
4797946|P32298,2.0,1.6307841797913043
153637786|P32298,2.0,1.6294165791366197
153637753|P32298,2.0,1.6278345596762493
151675446|P32298,2.0,1.6257913451483328
17863210|P32298,2.0,1.6763968829265776
146490978|P32298,2.0,1.476203604555892
9868793|P32298,2.0,2.087093655567524
44462219|P32298,2.0,1.9034212213540938
137539191|P32298,2.0,1.7091203358739526
153637851|P32298,2.0,1.5965966807552554
146299|P32298,2.0,1.8813308856361326
137538569|P32298,2.0,1.6802553366228803
153637892|P32298,2.0,1.6103887531847096
164613241|P32298,6.721246399047171,10.551124300145819
25099115|P32298,2.0,1.5347572787651156
137539559|P32298,2.0,1.6442529553665146
137539397|P32298,2.0,1.5425185203476404
44306876|P32298,2.0,1.6939768915526998
68551|P32298,2.0,1.9540917861674891
10026300|P32298,2.0,2.3554338888686037
5095|P32298,2.0,1.7212951391464637
15124064|P32298,2.0,1.7431917034717406
146490639|P32298,2.0,1.4700646982553023
11277680|P32298,2.0,1.4686433908699874
145962202|P32298,2.0,1.4522867528675991
155210502|P32298,2.0,1.4616423692758223
146443751|P32298,2.0,1.4455894778160765
137539728|P32298,2.0,1.6472233961036582
16104|P32298,2.0,2.6600301970139015
146490628|P32298,2.0,1.274565101808223
9947230|P32298,2.0,1.9083906836689566
10381889|P32298,2.0,1.5796317271228268
49864292|P32298,2.0,1.994798537240932
16082831|P32298,2.0,1.575129029045031
5615|P32298,2.0,1.9129991590554487
44413202|P32298,2.0,1.4719261359582614
160597|P32298,2.0,1.808752490032104
153637695|P32298,2.0,1.6226916260063495
153637832|P32298,2.0,1.6601515302785725
119570|P32298,2.0,1.2644632378823148
153637762|P32298,2.0,1.6352432984181895
156022974|P32298,2.0,1.4413371349527422
146490674|P32298,2.0,1.5037420291266952
142427004|P32298,2.0,1.652380548362188
137539409|P32298,2.0,1.6200601073293812
142427011|P32298,2.0,1.7936259204063063
442203|P32298,2.0,1.8362378656453133
137538808|P32298,2.0,1.5275109244978837
127046493|P32298,2.0,1.6182325950004193
153637720|P32298,2.0,1.6014708237058863
46884856|P32298,2.0,1.5834884758460344
137539240|P32298,2.0,1.680755649499337
146491094|P32298,2.0,1.3501296056166134
20070445|P32298,2.0,1.705074044921206
146490861|P32298,2.0,1.5238346895177384
142540098|P32298,2.0,1.6134596008958448
137539305|P32298,2.0,1.5517537375688875
137539000|P32298,2.0,1.611121150644128
153637687|P32298,2.0,1.654546198999727
46175652|P32298,2.0,1.6702069283826573
153637707|P32298,2.0,1.6025451822533627
16037920|P32298,2.0,1.479659716650321
153637666|P32298,2.0,1.6620924727602648
44631910|P32298,2.0,1.6592933066626612
4946|P32298,2.0,1.9769292088771617
137538958|P32298,2.0,1.6182442020568366
46885213|P32298,2.0,1.642277618312524
13891896|P32298,2.0,1.8482791455702938
137539229|P32298,2.0,1.7021816564025
10385855|P32298,2.0,1.4827608505932852
142426965|P32298,2.0,1.7382936957271582
149839126|P32298,2.0,1.6339679137107486
146490828|P32298,2.0,1.402494836689407
146490647|P32298,2.0,1.3666169665974406
15124065|P32298,2.0,1.7679386742700487
163408069|P32298,2.0,1.654173366439413
153637827|P32298,2.0,1.654173366439413
153637805|P32298,2.0,1.6208690649054232
137539592|P32298,2.0,1.6019532547960376
153637662|P32298,2.0,1.6251031402209788
18180076|P32298,2.0,1.6303570583559326
137538729|P32298,2.0,1.6035205306998188
142540213|P32298,2.0,1.5939924859622414
46830335|P32298,2.0,1.5802304666075926
11580039|P32298,2.0,1.4727257814939172
152409252|P32298,2.0,1.6571961340351211
152121487|P32298,2.0,1.6306501666864988
149731152|P32298,2.0,1.606226348921247
146490626|P32298,2.0,1.4887085894405445
146490645|P32298,2.0,1.3521953797083333
137539482|P32298,2.0,1.5930535655935056
44342270|P32298,2.0,1.5184192801226863
146490649|P32298,2.0,1.2980152939745122
4585|P32298,2.0,2.5522158726470767
11299968|P32298,2.0,1.3351293619550075
137538707|P32298,2.0,1.6113210523509969
153637815|P32298,2.0,1.5973807088897158
142540187|P32298,2.0,1.627452558891668
11357862|P32298,2.0,1.635020479997421
49836386|P32298,2.0,1.428098725986697
150351504|P32298,2.0,1.6098819067958914
13477989|P32298,2.0,1.6309378429083867
137539351|P32298,2.0,1.585320259566427
151664222|P32298,2.0,1.638645821474431
149747008|P32298,2.0,1.6158982219647564
44304314|P32298,2.0,1.9505123300983775
146490633|P32298,2.0,1.463441463650557
151424138|P32298,2.0,1.6607404605249672
137539510|P32298,2.0,1.6346557035386187
10288197|P32298,2.0,1.5223226685035252
52941478|P32298,2.0,2.2168139659065553
151991053|P32298,2.0,1.6721813061067323
137539494|P32298,2.0,1.7456947209632747
142540244|P32298,2.0,1.5282635196138077
146490623|P32298,2.0,1.4225686037145566
11973780|P32298,2.0,1.5420460661127384
10398787|P32298,2.0,1.7505806862806952
137538815|P32298,2.0,1.723194095293184
146490865|P32298,2.0,1.3450750854757574
137539398|P32298,2.0,1.6400193936088188
150519134|P32298,2.0,1.626430005161758
10825736|P32298,2.0,1.5601743739773808
153637741|P32298,2.0,1.6308368153006711
2995|P32298,2.0,1.3777878886742772
44306637|P32298,2.0,1.7703660935376955
9848518|P32298,2.0,1.1434158589407981
15124063|P32298,2.0,1.7152809551102728
162779484|P32298,2.0,1.6452954752693008
152186108|P32298,2.0,1.653756549299713
142540223|P32298,2.0,1.5804099331210921
142427013|P32298,2.0,1.8192313727437779
153637846|P32298,2.0,1.6095372317188648
137644879|P32298,2.0,1.4942447976298774
153637826|P32298,2.0,1.5804099331210921
49864722|P32298,2.0,1.643641409624544
3038495|P32298,2.0,1.502422941164859
150485018|P32298,2.0,1.5880744819930697
3496768|P32298,2.0,1.8341581716548336
44251387|P32298,2.0,1.5751651479661695
163408071|P32298,2.0,1.5927317258732727
10596380|P32298,2.0,2.2879522831896475
153637821|P32298,2.0,1.5927317258732727
137539657|P32298,2.0,1.5754965987419567
153637838|P32298,2.0,1.6235856455126043
137539347|P32298,2.0,1.6057257227374118
142540173|P32298,2.0,1.643711781027553
137539301|P32298,2.0,1.6038284256569055
25230881|P32298,2.0,1.6158659017132844
153637684|P32298,2.0,1.6469398169090197
68405874|P32298,2.0,1.509225635511959
46884818|P32298,2.0,1.6382398268225964
149829430|P32298,2.0,1.575068328444202
10732779|P32298,2.0,1.5852347806899472
153637858|P32298,2.0,1.632883648155002
45487384|P32298,2.0,1.930140158468237
11794523|P32298,2.0,1.934940140899979
142540473|P32298,2.0,1.6576619038570914
57970238|P32298,2.0,1.6233075305530131
21186192|P32298,2.0,1.700198800959763
6466372|P32298,2.0,1.7681768517184167
152123874|P32298,2.0,1.588213282361879
146490860|P32298,2.0,1.618182682983697
153637779|P32298,2.0,1.5397249058739166
153637710|P32298,2.0,1.633824508036446
137538901|P32298,2.0,1.5913342773064372
44447994|P32298,2.0,1.82011067533188
146490832|P32298,2.0,1.4270108337062812
11209208|P32298,2.0,1.25527536980657
146443662|P32298,2.0,1.4450724431170752
153637836|P32298,2.0,1.6106895119010527
10907460|P32298,2.0,1.5280396580423865
67548392|P32298,2.0,1.5311579821917327
127034966|P32298,2.0,1.5376055185103525
44345317|P32298,2.0,1.534362621776381
10238677|P32298,2.0,1.8234222430798146
150353293|P32298,2.0,1.5743719692111915
153637709|P32298,2.0,1.597073004275887
4992|P32298,2.0,1.5739445925727062
146490634|P32298,2.0,1.4698935558150574
146490876|P32298,2.0,1.4532769989288348
44413096|P32298,2.0,1.812250165965056
137539362|P32298,2.0,1.5263598682719293
151604290|P32298,2.0,1.6054624018605224
68379135|P32298,2.0,1.1473774711551337
5265|P32298,2.0,1.4798054439759776
12128801|P32298,2.0,1.6142695801444913
443391|P32298,2.0,1.3855481903102962
3559|P32298,2.0,1.491527291168087
137539338|P32298,2.0,1.6182745925289226
45109862|P32298,2.0,1.6616276504117875
146490640|P32298,2.0,1.459645069890759
51003551|P32298,2.0,1.6182783845263526
5355|P32298,2.0,1.6348538604591207
142540499|P32298,2.0,1.6312665481615998
60795|P32298,2.0,1.3253381114604572
137539546|P32298,2.0,1.6337237716122108
153637750|P32298,2.0,1.599978740084542
137539674|P32298,2.0,1.5732936737836918
153637875|P32298,2.0,1.6334515246370171
142540146|P32298,2.0,1.6291481460013422
137539262|P32298,2.0,1.64061796989339
132607373|P32298,2.0,1.4689021674883926
3033769|P32298,2.0,1.6034674298616465
142426991|P32298,2.0,1.6848827786457212
137539278|P32298,2.0,1.674399459657701
146490652|P32298,2.0,1.3595336901418293
137539065|P32298,2.0,1.6530329836508189
146490646|P32298,2.0,1.5233214360694158
146490857|P32298,2.0,1.4459013913989784
151102361|P32298,2.0,1.5815770617296154
44251388|P32298,2.0,1.6772708576036481
15124062|P32298,2.0,1.8118026845287587
46240228|P32298,2.0,1.5214380176822895
137539656|P32298,2.0,1.680755649499337
46238686|P32298,2.0,1.4944495017807526
137653821|P32298,2.0,1.5889113947970912
153637845|P32298,2.0,1.654546198999727
46842383|P32298,2.0,1.5831273793178606
2769|P32298,2.0,2.2144858850350007
137538578|P32298,2.0,1.6120453331811362
10400783|P32298,2.0,1.5601743739773808
6448585|P32298,2.0,1.9680221005398002
137539417|P32298,2.0,1.6012577199233706
137539590|P32298,2.0,1.6021569911038107
152333305|P32298,2.0,1.6444653892322996
15124068|P32298,2.0,1.648289210365362
142540385|P32298,2.0,1.5954585553273035
142540160|P32298,2.0,1.635766817325961
137538676|P32298,2.0,1.6069479155262736
146490903|P32298,2.0,1.4284568135689955
137539501|P32298,2.0,1.5892880124223885
25207803|P32298,2.0,1.6349415248911283
137539342|P32298,2.0,1.6579029529974438
67548498|P32298,2.0,1.5377433927303112
25230948|P32298,2.0,1.6185694851833066
44318454|P32298,2.0,1.4981634495097254
11470616|P32298,2.0,1.4396015319564512
44398808|P32298,2.0,1.7218360101027028
137538548|P32298,2.0,1.6146013142332594
137539644|P32298,2.0,1.692051825121006
152083923|P32298,2.0,1.529210456118212
142540399|P32298,2.0,1.6129670136053018
10288169|P32298,2.0,1.7974469586284854
10450082|P32298,2.0,2.1159723695801933
153637891|P32298,2.0,1.6582094622968706
146490827|P32298,2.0,1.453596784342922
150617787|P32298,2.0,1.6612486284017554
153637679|P32298,2.0,1.6600040458527592
3035523|P32298,2.0,1.6705710769111877
21186098|P32298,2.0,1.780282298990289
44259|P32298,8.39254497678533,1.8182259027159073
137539292|P21728,2.0,2.221781015414347
137539329|P21728,2.0,2.1398426252805853
11099480|P21728,2.0,-2.930728038073035
11220599|P21728,5.0,1.6419985155083254
10518133|P21728,2.0,-2.6310779624868084
15124057|P21728,2.0,1.7351750610280214
137539564|P21728,2.0,2.2263161455376874
11730467|P21728,5.560667306169737,-0.029924607152307076
46885027|P21728,2.0,1.9971066489047982
151746871|P21728,2.0,2.1094373950667182
153637730|P21728,2.0,2.103555696899404
142540253|P21728,2.0,1.9611071260789172
4797946|P21728,2.0,1.731306306378572
153637786|P21728,2.0,2.129993037166158
153637753|P21728,2.0,2.07742176200295
151675446|P21728,2.0,2.174439580613472
17863210|P21728,2.0,2.266912709561983
146490978|P21728,2.0,1.7201362455269085
9868793|P21728,2.0,1.5255037059793068
44462219|P21728,2.0,2.025067542804308
137539191|P21728,2.0,1.9797054217508376
153637851|P21728,2.0,2.2942746376121823
146299|P21728,2.0,-2.32770570443026
137538569|P21728,2.0,2.039058172819997
153637892|P21728,2.0,2.132607279007393
164613241|P21728,2.0,1.5582528958663924
25099115|P21728,2.0,1.9194609098615527
137539559|P21728,2.0,2.2120150895035158
137539397|P21728,2.0,1.8171131469816801
44306876|P21728,2.0,1.8014639797652543
68551|P21728,2.0,-0.11714401900635298
10026300|P21728,2.0,-0.7847599421481414
5095|P21728,2.0,-0.5926636151352271
15124064|P21728,2.0,1.826911093121713
146490639|P21728,2.0,1.8117241325308335
11277680|P21728,5.0,1.643696824127719
145962202|P21728,2.0,2.300658823450529
155210502|P21728,2.0,1.5134419718184535
146443751|P21728,2.0,1.7208573413822579
137539728|P21728,2.0,2.2501893801933486
16104|P21728,2.0,-1.7694164853372567
146490628|P21728,2.0,1.5820648052617552
9947230|P21728,2.0,1.5824000852766211
10381889|P21728,2.0,1.2874425931505942
49864292|P21728,2.0,1.744714526746148
16082831|P21728,2.0,1.2955077275476974
5615|P21728,2.0,1.6884359608450197
44413202|P21728,2.0,1.7282689776796973
160597|P21728,2.0,-2.827820165676208
153637695|P21728,2.0,2.1645961627138672
153637832|P21728,2.0,2.1642383480621423
119570|P21728,2.0,-1.0257484380567914
153637762|P21728,2.0,2.1957905504957265
156022974|P21728,2.0,1.6641456868253413
146490674|P21728,2.0,1.5445999124069498
142427004|P21728,2.0,2.0656023825508334
137539409|P21728,2.0,2.1722678828606865
142427011|P21728,2.0,2.041698993121796
442203|P21728,2.0,-2.394492783242594
137538808|P21728,2.0,2.086808840327073
127046493|P21728,2.0,1.8093999832454417
153637720|P21728,2.0,2.1746554267701206
46884856|P21728,2.0,1.4876713607134127
137539240|P21728,2.0,2.0481986345283434
146491094|P21728,2.0,1.6315206138728096
20070445|P21728,2.0,2.030551230603359
146490861|P21728,2.0,1.7682003496071896
142540098|P21728,2.0,2.188130686074786
137539305|P21728,2.0,2.1359809187297145
137539000|P21728,2.0,2.1179717679141783
153637687|P21728,2.0,2.129552168248945
46175652|P21728,2.0,1.9588156756935957
153637707|P21728,2.0,2.177751065271472
16037920|P21728,2.0,2.184583402692961
153637666|P21728,2.0,2.0715109788576997
44631910|P21728,2.0,1.97211948191118
4946|P21728,5.299988937677887,2.3420690356641143
137538958|P21728,2.0,2.1942118212005695
46885213|P21728,2.0,1.6816132899038714
13891896|P21728,2.0,-2.1976146481177508
137539229|P21728,2.0,2.0577311906904225
10385855|P21728,2.0,1.3726155700454308
142426965|P21728,2.0,1.9383942200678654
149839126|P21728,2.0,2.1530296569494594
146490828|P21728,2.0,2.0305954290294554
146490647|P21728,2.0,1.7459404169001707
15124065|P21728,2.0,1.8698237356477825
163408069|P21728,2.0,2.2212237010458638
153637827|P21728,2.0,2.2212237010458638
153637805|P21728,2.0,2.1832381495666118
137539592|P21728,2.0,2.216866113800816
153637662|P21728,2.0,2.054541117048987
18180076|P21728,2.0,1.6417542337445008
137538729|P21728,2.0,2.191210732521351
142540213|P21728,2.0,2.2520497971823783
46830335|P21728,2.0,1.5887934326299349
11580039|P21728,5.0,1.5939542713074242
152409252|P21728,2.0,1.9134516195568547
152121487|P21728,2.0,2.0747253704279593
149731152|P21728,2.0,2.199848947229021
146490626|P21728,2.0,1.8491566888045086
146490645|P21728,2.0,1.8811276343903487
137539482|P21728,2.0,2.084628320023356
44342270|P21728,5.562249437179612,1.8905011140198533
146490649|P21728,2.0,1.7212473023093398
4585|P21728,2.0,-0.5667651263066915
11299968|P21728,5.0,1.4960997147961828
137538707|P21728,2.0,2.3069830754667136
153637815|P21728,2.0,2.1736524333235394
142540187|P21728,2.0,2.2692225334646383
11357862|P21728,5.0,2.085775678898802
49836386|P21728,5.142667503568732,1.4777185395490147
150351504|P21728,2.0,2.148046113941568
13477989|P21728,2.0,2.342826979909407
137539351|P21728,2.0,2.209625281468194
151664222|P21728,2.0,1.9946708186059459
149747008|P21728,2.0,2.208027774301333
44304314|P21728,2.0,0.6639127574295007
146490633|P21728,2.0,1.7725618415150102
151424138|P21728,2.0,1.6464221643600838
137539510|P21728,2.0,1.8580667276035756
10288197|P21728,2.0,2.280794378695788
52941478|P21728,2.0,1.9395846692141774
151991053|P21728,2.0,2.1435621674670244
137539494|P21728,2.0,1.9554086781353235
142540244|P21728,2.0,2.011346577818746
146490623|P21728,2.0,1.539219650846578
11973780|P21728,2.0,1.7023312240413921
10398787|P21728,2.0,1.9529079562544687
137538815|P21728,2.0,2.109852500876851
146490865|P21728,2.0,1.7365793216915892
137539398|P21728,2.0,2.167651521056032
150519134|P21728,2.0,2.2509063624139807
10825736|P21728,2.0,-1.7993122358896854
153637741|P21728,2.0,2.198167167133903
2995|P21728,2.0,0.8184624328916067
44306637|P21728,2.0,1.9325063178537758
9848518|P21728,2.0,2.0736186484836123
15124063|P21728,2.0,1.6579013488160506
162779484|P21728,2.0,1.9240110827826704
152186108|P21728,2.0,2.2388135127338264
142540223|P21728,2.0,2.167713486146855
142427013|P21728,2.0,2.1663169129849407
153637846|P21728,2.0,2.090374152770193
137644879|P21728,2.0,1.630206879276204
153637826|P21728,2.0,2.167713486146855
49864722|P21728,2.0,1.7064754846168462
3038495|P21728,2.0,2.0024081097463626
150485018|P21728,2.0,2.0871693472986563
3496768|P21728,2.0,-3.242629935875269
44251387|P21728,2.0,1.8500601499989373
163408071|P21728,2.0,2.2223728829632012
10596380|P21728,2.0,-0.5880291359300313
153637821|P21728,2.0,2.2223728829632012
137539657|P21728,2.0,2.1309633491144835
153637838|P21728,2.0,2.1458947051341495
137539347|P21728,2.0,2.173616840640714
142540173|P21728,2.0,2.2533230742406603
137539301|P21728,2.0,2.1170163601737726
25230881|P21728,2.0,1.8777140272227268
153637684|P21728,2.0,1.9163283366047028
68405874|P21728,2.0,2.0414239555041918
46884818|P21728,2.0,1.7341700793664225
149829430|P21728,2.0,2.015743259543582
10732779|P21728,2.0,-2.6310779624868084
153637858|P21728,2.0,2.043951864783418
45487384|P21728,2.0,1.5772190287069567
11794523|P21728,2.0,-2.1048400221030703
142540473|P21728,2.0,1.9736563544560854
57970238|P21728,2.0,2.0250262320899997
21186192|P21728,2.0,1.6332650817105092
6466372|P21728,2.0,1.152482574657818
152123874|P21728,2.0,1.847317684199775
146490860|P21728,2.0,1.7920018045299653
153637779|P21728,2.0,2.126841577458067
153637710|P21728,2.0,2.0173160707826367
137538901|P21728,2.0,2.2173403175832287
44447994|P21728,2.0,-3.2481992782642397
146490832|P21728,2.0,1.7217157605382545
11209208|P21728,5.0,1.3539315295251295
146443662|P21728,2.0,1.7620458413443816
153637836|P21728,2.0,2.2443273470109895
10907460|P21728,6.014573525916998,0.17073131786765847
67548392|P21728,2.0,1.7626485833704875
127034966|P21728,5.299988937677887,2.0263424942206076
44345317|P21728,2.0,1.2936443458745532
10238677|P21728,2.0,2.1000054541216384
150353293|P21728,2.0,2.0634377835424584
153637709|P21728,2.0,2.339822482117822
4992|P21728,2.0,1.5570325229629478
146490634|P21728,2.0,1.7446257747193077
146490876|P21728,2.0,1.7451331400697054
44413096|P21728,2.0,2.1732943840008616
137539362|P21728,2.0,2.0158942189304385
151604290|P21728,2.0,2.16644965453145
68379135|P21728,2.0,1.5641696616427978
5265|P21728,2.0,2.2463749841091953
12128801|P21728,2.0,2.0326635179226185
443391|P21728,2.0,1.5264840144295795
3559|P21728,2.0,3.3082426533284774
137539338|P21728,2.0,2.2019640612152553
45109862|P21728,2.0,1.7533761840306612
146490640|P21728,2.0,1.7783381282987158
51003551|P21728,2.0,1.7724461616401253
5355|P21728,2.0,2.1476141455532947
142540499|P21728,2.0,2.2557651995066528
60795|P21728,2.0,0.5449052865757282
137539546|P21728,2.0,2.1484622880378716
153637750|P21728,2.0,2.2077709400693957
137539674|P21728,2.0,2.200739767304552
153637875|P21728,2.0,2.157397042157367
142540146|P21728,2.0,2.127450408278857
137539262|P21728,2.0,2.202005581190975
132607373|P21728,2.0,1.8036345422657523
3033769|P21728,2.0,1.751307217977285
142426991|P21728,2.0,2.064999353412059
137539278|P21728,2.0,1.927225817211488
146490652|P21728,2.0,1.2735308765966626
137539065|P21728,2.0,2.2520622472846754
146490646|P21728,2.0,1.746539181658737
146490857|P21728,2.0,1.7807112657289292
151102361|P21728,2.0,2.063179749662467
44251388|P21728,2.0,2.1707834608543717
15124062|P21728,2.0,2.1299475095096505
46240228|P21728,2.0,2.2306297336881658
137539656|P21728,2.0,2.0481986345283434
46238686|P21728,2.0,2.3671542522162983
137653821|P21728,2.0,2.0499116844446306
153637845|P21728,2.0,2.129552168248945
46842383|P21728,2.0,2.021142313406615
2769|P21728,5.769551078621726,1.6898082104151548
137538578|P21728,2.0,2.1240833526121023
10400783|P21728,2.0,-1.7993122358896854
6448585|P21728,2.0,1.6959080949584942
137539417|P21728,2.0,2.1725135717379476
137539590|P21728,2.0,2.199029755605488
152333305|P21728,2.0,1.9940982360453425
15124068|P21728,2.0,1.7451529525036031
142540385|P21728,2.0,2.201456850320387
142540160|P21728,2.0,2.002680646466928
137538676|P21728,2.0,2.1414462875534075
146490903|P21728,2.0,1.5265184650477486
137539501|P21728,2.0,2.1080036997651077
25207803|P21728,2.0,1.9069796913895003
137539342|P21728,2.0,2.1770444277678567
67548498|P21728,2.0,2.018867045138876
25230948|P21728,2.0,1.878782949175128
44318454|P21728,2.0,1.434023538538501
11470616|P21728,5.0,1.6077504360169053
44398808|P21728,2.0,1.8097773013301626
137538548|P21728,2.0,2.246334662250129
137539644|P21728,2.0,2.010209222683392
152083923|P21728,2.0,2.1234396566563025
142540399|P21728,2.0,2.158129444896809
10288169|P21728,2.0,2.242550899870738
10450082|P21728,2.0,0.09699008321154248
153637891|P21728,2.0,2.092722976994065
146490827|P21728,2.0,1.8029873709850506
150617787|P21728,2.0,1.8111443681258714
153637679|P21728,2.0,2.1151440277985345
3035523|P21728,2.0,2.2553399450939016
21186098|P21728,2.0,1.6385139924855117
44259|P21728,2.0,1.4463305562784066
137539292|Q9H3N8,2.0,3.4439232111707927
137539329|Q9H3N8,2.0,3.2746231034673348
11099480|Q9H3N8,2.0,-6.965292504050668
11220599|Q9H3N8,2.0,-2.1709899914289066
10518133|Q9H3N8,2.0,-8.361314695776151
15124057|Q9H3N8,2.0,1.0479774600423994
137539564|Q9H3N8,2.0,3.484565197468959
11730467|Q9H3N8,2.0,-2.397304393495944
46885027|Q9H3N8,2.0,-2.205574277966367
151746871|Q9H3N8,2.0,4.002480109603463
153637730|Q9H3N8,2.0,3.5910727167452485
142540253|Q9H3N8,2.0,3.4946799945853346
4797946|Q9H3N8,2.0,-0.1462819494295002
153637786|Q9H3N8,2.0,3.501243514505113
153637753|Q9H3N8,2.0,3.3416878428516026
151675446|Q9H3N8,2.0,3.3280956522939
17863210|Q9H3N8,2.0,2.9184170626534014
146490978|Q9H3N8,2.0,4.270413035624129
9868793|Q9H3N8,2.0,-2.3779697421053236
44462219|Q9H3N8,2.0,-1.5708146339375395
137539191|Q9H3N8,2.0,3.184216594363617
153637851|Q9H3N8,2.0,3.78850210149186
146299|Q9H3N8,2.0,-6.987422372222858
137538569|Q9H3N8,2.0,3.711238880292964
153637892|Q9H3N8,2.0,3.2890195601418863
164613241|Q9H3N8,2.0,0.2401556657164231
25099115|Q9H3N8,5.0,-4.481128443767114
137539559|Q9H3N8,2.0,4.169957142548175
137539397|Q9H3N8,2.0,3.0590645280034474
44306876|Q9H3N8,2.0,1.2559793492495708
68551|Q9H3N8,2.0,-3.7746796004747334
10026300|Q9H3N8,2.0,-3.1430198547636725
5095|Q9H3N8,2.0,-2.8854244442716177
15124064|Q9H3N8,2.0,1.7268674333901897
146490639|Q9H3N8,2.0,5.4584694901862125
11277680|Q9H3N8,2.0,-1.9906283182726556
145962202|Q9H3N8,2.0,2.1272612529021795
155210502|Q9H3N8,2.0,3.905996932385234
146443751|Q9H3N8,2.0,5.479543345117423
137539728|Q9H3N8,2.0,3.971338320288802
16104|Q9H3N8,2.0,-2.1740599752472
146490628|Q9H3N8,2.0,4.732927463580038
9947230|Q9H3N8,2.0,-1.5417192709936773
10381889|Q9H3N8,2.0,-3.671109232813933
49864292|Q9H3N8,2.0,-0.419787728404096
16082831|Q9H3N8,6.0655015487564325,-2.9262888830133864
5615|Q9H3N8,2.0,-2.5340718357091356
44413202|Q9H3N8,2.0,2.215795318361737
160597|Q9H3N8,2.0,-6.794230376103182
153637695|Q9H3N8,2.0,3.311115625634279
153637832|Q9H3N8,2.0,3.4264109689446904
119570|Q9H3N8,2.0,-1.2420388379260818
153637762|Q9H3N8,2.0,3.4447341321202787
156022974|Q9H3N8,2.0,4.352056912328155
146490674|Q9H3N8,2.0,4.32380824063782
142427004|Q9H3N8,2.0,3.24128373160686
137539409|Q9H3N8,2.0,3.889669863392993
142427011|Q9H3N8,2.0,3.4004579526219185
442203|Q9H3N8,2.0,-6.989301403067773
137538808|Q9H3N8,2.0,3.504481212256366
127046493|Q9H3N8,2.0,1.4084099593380235
153637720|Q9H3N8,2.0,3.898239424296542
46884856|Q9H3N8,2.0,-2.028189209924779
137539240|Q9H3N8,2.0,3.2248893662721003
146491094|Q9H3N8,2.0,3.8914675890661945
20070445|Q9H3N8,2.0,0.07847098700855905
146490861|Q9H3N8,2.0,5.188022467525976
142540098|Q9H3N8,2.0,3.984236539949747
137539305|Q9H3N8,2.0,3.601656379259843
137539000|Q9H3N8,2.0,3.7020820178367195
153637687|Q9H3N8,2.0,3.331914911554246
46175652|Q9H3N8,2.0,2.954071392846419
153637707|Q9H3N8,2.0,3.24093377096251
16037920|Q9H3N8,2.0,2.938943879611534
153637666|Q9H3N8,2.0,3.6761356183382277
44631910|Q9H3N8,2.0,2.727539490998237
4946|Q9H3N8,2.0,-1.700979060677105
137538958|Q9H3N8,2.0,3.911570345850658
46885213|Q9H3N8,2.0,-1.924285081578346
13891896|Q9H3N8,2.0,-6.397887824803091
137539229|Q9H3N8,2.0,3.518295951877368
10385855|Q9H3N8,2.0,-1.2888070679106312
142426965|Q9H3N8,2.0,3.6507555788491057
149839126|Q9H3N8,2.0,4.025863047934605
146490828|Q9H3N8,2.0,5.163373364277866
146490647|Q9H3N8,2.0,4.479522459905799
15124065|Q9H3N8,2.0,1.4505449352607345
163408069|Q9H3N8,2.0,3.8171229209173423
153637827|Q9H3N8,2.0,3.8171229209173423
153637805|Q9H3N8,2.0,3.526767759178601
137539592|Q9H3N8,2.0,3.4496667120301927
153637662|Q9H3N8,2.0,3.384282287954627
18180076|Q9H3N8,2.0,-0.22314102072556466
137538729|Q9H3N8,2.0,3.718626006017147
142540213|Q9H3N8,2.0,3.924808697746273
46830335|Q9H3N8,2.0,-2.1485265281793158
11580039|Q9H3N8,2.0,-1.4774820450873682
152409252|Q9H3N8,2.0,2.862762139614977
152121487|Q9H3N8,2.0,3.7287988621404584
149731152|Q9H3N8,2.0,3.8820049655402356
146490626|Q9H3N8,2.0,4.976311864000124
146490645|Q9H3N8,2.0,4.4312845559369105
137539482|Q9H3N8,2.0,3.403381029589836
44342270|Q9H3N8,2.0,-0.8688472831669948
146490649|Q9H3N8,2.0,4.7341260872390745
4585|Q9H3N8,2.0,-1.3413995955433724
11299968|Q9H3N8,2.0,-2.882687502256802
137538707|Q9H3N8,2.0,3.7576835140912936
153637815|Q9H3N8,2.0,3.3524123868667384
142540187|Q9H3N8,2.0,4.087562896978526
11357862|Q9H3N8,2.0,-1.9145280629871773
49836386|Q9H3N8,2.0,-1.4695304663678634
150351504|Q9H3N8,2.0,3.7623490796959507
13477989|Q9H3N8,2.0,1.3128075925260039
137539351|Q9H3N8,2.0,3.4861309686976814
151664222|Q9H3N8,2.0,2.9781827304777346
149747008|Q9H3N8,2.0,3.706076455238342
44304314|Q9H3N8,2.0,-1.8699989068626532
146490633|Q9H3N8,2.0,5.62889894967163
151424138|Q9H3N8,2.0,2.9594548737501927
137539510|Q9H3N8,2.0,3.045419008958312
10288197|Q9H3N8,2.0,3.0293920263630776
52941478|Q9H3N8,2.0,1.565522724254862
151991053|Q9H3N8,2.0,3.975909920602675
137539494|Q9H3N8,2.0,3.3238358390886615
142540244|Q9H3N8,2.0,3.4269836302052563
146490623|Q9H3N8,2.0,4.194910494431977
11973780|Q9H3N8,5.0,-2.7001902760639847
10398787|Q9H3N8,2.0,1.9282209184702153
137538815|Q9H3N8,2.0,3.2189900162573806
146490865|Q9H3N8,2.0,3.9374572020728977
137539398|Q9H3N8,2.0,3.691741954714695
150519134|Q9H3N8,2.0,4.078202046193261
10825736|Q9H3N8,2.0,-7.928268399947593
153637741|Q9H3N8,2.0,3.4361721235839546
2995|Q9H3N8,2.0,-1.7255837383704071
44306637|Q9H3N8,2.0,1.5173959301915942
9848518|Q9H3N8,2.0,0.7365616405322025
15124063|Q9H3N8,2.0,1.3298768789536017
162779484|Q9H3N8,2.0,2.9332128505012003
152186108|Q9H3N8,2.0,3.917843995528997
142540223|Q9H3N8,2.0,3.348670435086882
142427013|Q9H3N8,2.0,3.492391889745736
153637846|Q9H3N8,2.0,3.4350282051952203
137644879|Q9H3N8,2.0,-0.6816455373745778
153637826|Q9H3N8,2.0,3.348670435086882
49864722|Q9H3N8,2.0,-0.0805649383504652
3038495|Q9H3N8,2.0,-3.508570266562049
150485018|Q9H3N8,2.0,3.6203825691348945
3496768|Q9H3N8,2.0,-6.645238224881501
44251387|Q9H3N8,2.0,-0.3875880101767875
163408071|Q9H3N8,2.0,3.686322217314708
10596380|Q9H3N8,2.0,-3.0517441907849023
153637821|Q9H3N8,2.0,3.686322217314708
137539657|Q9H3N8,2.0,3.3326149399547202
153637838|Q9H3N8,2.0,3.2411566228035427
137539347|Q9H3N8,2.0,3.905012771107111
142540173|Q9H3N8,2.0,4.168139560814762
137539301|Q9H3N8,2.0,3.347029363645522
25230881|Q9H3N8,2.0,2.7997541934948
153637684|Q9H3N8,2.0,3.5362092179543936
68405874|Q9H3N8,2.0,2.155347958767592
46884818|Q9H3N8,2.0,-2.2811613395469887
149829430|Q9H3N8,2.0,3.5506495004888765
10732779|Q9H3N8,2.0,-8.361314695776151
153637858|Q9H3N8,2.0,3.812320699132472
45487384|Q9H3N8,5.301029995663981,-1.4874753950649489
11794523|Q9H3N8,2.0,-2.7335723711434046
142540473|Q9H3N8,2.0,3.4792372366862887
57970238|Q9H3N8,2.0,0.2981730149806709
21186192|Q9H3N8,2.0,0.18997921878472354
6466372|Q9H3N8,2.0,-0.1891120179440073
152123874|Q9H3N8,2.0,2.8061877631693073
146490860|Q9H3N8,2.0,5.124829958717399
153637779|Q9H3N8,2.0,3.430109736596002
153637710|Q9H3N8,2.0,3.657071116205102
137538901|Q9H3N8,2.0,3.6986207400236046
44447994|Q9H3N8,2.0,-6.606415394108598
146490832|Q9H3N8,2.0,4.863734243050939
11209208|Q9H3N8,2.0,-1.5817275796903902
146443662|Q9H3N8,2.0,5.763974283200743
153637836|Q9H3N8,2.0,3.336288148941544
10907460|Q9H3N8,2.0,-3.9200946526855063
67548392|Q9H3N8,2.0,3.1627915379847553
127034966|Q9H3N8,2.0,-1.4406552405830726
44345317|Q9H3N8,2.0,-2.5078186156941076
10238677|Q9H3N8,2.0,3.401535964963454
150353293|Q9H3N8,2.0,3.4451818024146137
153637709|Q9H3N8,2.0,3.729916719145598
4992|Q9H3N8,2.0,-1.2507526909672215
146490634|Q9H3N8,2.0,5.4469810526021325
146490876|Q9H3N8,2.0,5.570071992195516
44413096|Q9H3N8,2.0,3.6537169810295675
137539362|Q9H3N8,2.0,3.5994657009739837
151604290|Q9H3N8,2.0,3.827698525599087
68379135|Q9H3N8,2.0,-0.8561259668995197
5265|Q9H3N8,2.0,-1.5117789212617998
12128801|Q9H3N8,2.0,3.37155995694148
443391|Q9H3N8,2.0,-0.9936907395414295
3559|Q9H3N8,2.0,-2.1528045704861576
137539338|Q9H3N8,2.0,3.5173292858494634
45109862|Q9H3N8,2.0,-0.3909408578471782
146490640|Q9H3N8,2.0,5.439730042746705
51003551|Q9H3N8,2.0,-0.840143912947059
5355|Q9H3N8,2.0,-2.4529106054508474
142540499|Q9H3N8,2.0,4.033771086040245
60795|Q9H3N8,2.0,-1.853625873595107
137539546|Q9H3N8,2.0,3.9445809048032316
153637750|Q9H3N8,2.0,3.6431291850270098
137539674|Q9H3N8,2.0,3.575177998281508
153637875|Q9H3N8,2.0,4.02167582768156
142540146|Q9H3N8,2.0,3.431061452603589
137539262|Q9H3N8,2.0,3.8584880609760193
132607373|Q9H3N8,2.0,-0.9172731638426579
3033769|Q9H3N8,2.0,-2.6058698623597523
142426991|Q9H3N8,2.0,3.22981587515869
137539278|Q9H3N8,2.0,3.4603604039925187
146490652|Q9H3N8,2.0,4.659508954999251
137539065|Q9H3N8,2.0,3.275101018831478
146490646|Q9H3N8,2.0,5.028064855004514
146490857|Q9H3N8,2.0,5.33297293797886
151102361|Q9H3N8,2.0,2.9033790950427694
44251388|Q9H3N8,2.0,-0.3658128251237586
15124062|Q9H3N8,2.0,2.106567548293367
46240228|Q9H3N8,2.0,3.0572171642036943
137539656|Q9H3N8,2.0,3.2248893662721003
46238686|Q9H3N8,2.0,2.9870694531689574
137653821|Q9H3N8,2.0,0.29649128097177163
153637845|Q9H3N8,2.0,3.331914911554246
46842383|Q9H3N8,2.0,-2.6333487418326444
2769|Q9H3N8,2.0,-2.5418018179309003
137538578|Q9H3N8,2.0,3.4117257029443318
10400783|Q9H3N8,2.0,-7.928268399947593
6448585|Q9H3N8,2.0,-0.38075072686043077
137539417|Q9H3N8,2.0,3.4653627630118238
137539590|Q9H3N8,2.0,3.910084036088227
152333305|Q9H3N8,2.0,3.2067485381236462
15124068|Q9H3N8,2.0,0.8084476850034101
142540385|Q9H3N8,2.0,4.017939109986209
142540160|Q9H3N8,2.0,3.4838220435546794
137538676|Q9H3N8,2.0,3.840431283184024
146490903|Q9H3N8,2.0,4.503711664021613
137539501|Q9H3N8,2.0,3.5406691575614695
25207803|Q9H3N8,2.0,2.8265817431001423
137539342|Q9H3N8,2.0,3.6389465673247403
67548498|Q9H3N8,2.0,3.8497210440684233
25230948|Q9H3N8,2.0,2.726106095810267
44318454|Q9H3N8,2.0,-3.6269881209632895
11470616|Q9H3N8,2.0,-2.317802971726235
44398808|Q9H3N8,2.0,-0.2769063401720972
137538548|Q9H3N8,2.0,3.9109148483827556
137539644|Q9H3N8,2.0,3.6696478947207964
152083923|Q9H3N8,2.0,3.471273682962371
142540399|Q9H3N8,2.0,3.1195951478933273
10288169|Q9H3N8,2.0,3.7398373067245134
10450082|Q9H3N8,2.0,-2.481878504989148
153637891|Q9H3N8,2.0,3.3828517507873257
146490827|Q9H3N8,2.0,5.503188602574679
150617787|Q9H3N8,2.0,2.5905318669535498
153637679|Q9H3N8,2.0,3.8896332256673753
3035523|Q9H3N8,2.0,1.797370837340202
21186098|Q9H3N8,2.0,-0.002260791568590704
44259|Q9H3N8,2.0,-0.2825756575828249
137539292|Q9GJT6,2.0,1.9775445505631524
137539329|Q9GJT6,2.0,2.027996057278691
11099480|Q9GJT6,2.0,1.7016740077420618
11220599|Q9GJT6,2.0,7.676824916390867
10518133|Q9GJT6,2.0,3.0146451930105473
15124057|Q9GJT6,2.0,0.23804745171141922
137539564|Q9GJT6,2.0,2.0386151839079405
11730467|Q9GJT6,2.0,5.722301656858656
46885027|Q9GJT6,2.0,1.7349591943766463
151746871|Q9GJT6,2.0,1.9915364703065495
153637730|Q9GJT6,2.0,2.0389070459741734
142540253|Q9GJT6,2.0,1.9548085545737206
4797946|Q9GJT6,2.0,1.677618545590333
153637786|Q9GJT6,2.0,1.9825753466951581
153637753|Q9GJT6,2.0,2.010592437232848
151675446|Q9GJT6,2.0,2.0144434340184287
17863210|Q9GJT6,2.0,1.8850438252226145
146490978|Q9GJT6,2.0,2.1724648696953293
9868793|Q9GJT6,2.0,2.4306831004118563
44462219|Q9GJT6,2.0,3.652924872226145
137539191|Q9GJT6,2.0,2.0244169257650158
153637851|Q9GJT6,2.0,2.0349046162074775
146299|Q9GJT6,2.0,1.7993814393365617
137538569|Q9GJT6,2.0,1.8607978508322955
153637892|Q9GJT6,2.0,2.009788318496574
164613241|Q9GJT6,2.0,2.0522817563705935
25099115|Q9GJT6,2.0,1.9366426270917383
137539559|Q9GJT6,2.0,1.976414623840834
137539397|Q9GJT6,2.0,1.996067140754627
44306876|Q9GJT6,2.0,2.034071993560883
68551|Q9GJT6,2.0,2.3347570967192364
10026300|Q9GJT6,2.0,2.2194072030998666
5095|Q9GJT6,2.0,3.0424038574653265
15124064|Q9GJT6,2.0,2.1242706774467504
146490639|Q9GJT6,2.0,1.9827851508280114
11277680|Q9GJT6,2.0,6.85659856386485
145962202|Q9GJT6,2.0,2.209799811554859
155210502|Q9GJT6,2.0,1.9560547944969855
146443751|Q9GJT6,2.0,2.0312207734951535
137539728|Q9GJT6,2.0,1.9859959483280827
16104|Q9GJT6,2.0,2.1202794032482855
146490628|Q9GJT6,2.0,2.0331595439743033
9947230|Q9GJT6,9.130768280269024,3.557863034050293
10381889|Q9GJT6,2.0,2.2740402720102244
49864292|Q9GJT6,2.0,2.844354538050388
16082831|Q9GJT6,2.0,2.0633481863142213
5615|Q9GJT6,2.0,2.495702188164822
44413202|Q9GJT6,2.0,1.9256443422634006
160597|Q9GJT6,2.0,1.8762353841468684
153637695|Q9GJT6,2.0,2.016067616941026
153637832|Q9GJT6,2.0,1.8711771322645012
119570|Q9GJT6,2.0,2.445785420342802
153637762|Q9GJT6,2.0,1.9752655906429022
156022974|Q9GJT6,2.0,2.075635643266502
146490674|Q9GJT6,2.0,2.0908269638692465
142427004|Q9GJT6,2.0,1.9055356173179758
137539409|Q9GJT6,2.0,1.997932551228218
142427011|Q9GJT6,2.0,2.069385893066024
442203|Q9GJT6,2.0,1.7381730988725097
137538808|Q9GJT6,2.0,1.9870692128949272
127046493|Q9GJT6,2.0,1.972705342826386
153637720|Q9GJT6,2.0,1.925512325775133
46884856|Q9GJT6,2.0,1.8625400174590028
137539240|Q9GJT6,2.0,1.9735640687069154
146491094|Q9GJT6,2.0,2.093136554182979
20070445|Q9GJT6,2.0,2.054197959322044
146490861|Q9GJT6,2.0,2.014560575123622
142540098|Q9GJT6,2.0,2.000328289614588
137539305|Q9GJT6,2.0,1.9362083063336968
137539000|Q9GJT6,2.0,1.9722732809968184
153637687|Q9GJT6,2.0,1.9578392082076486
46175652|Q9GJT6,2.0,2.092505313039675
153637707|Q9GJT6,2.0,1.9966668557784344
16037920|Q9GJT6,2.0,2.0276277312106483
153637666|Q9GJT6,2.0,1.8788486709885261
44631910|Q9GJT6,2.0,1.9321652283941217
4946|Q9GJT6,2.0,3.7015829775377824
137538958|Q9GJT6,2.0,2.016236114728662
46885213|Q9GJT6,2.0,2.0238416584125183
13891896|Q9GJT6,2.0,1.9879752209929877
137539229|Q9GJT6,2.0,1.9300629847011146
10385855|Q9GJT6,2.0,1.9390548380042085
142426965|Q9GJT6,2.0,2.0045695763156335
149839126|Q9GJT6,2.0,2.041017903823764
146490828|Q9GJT6,2.0,1.998403233605564
146490647|Q9GJT6,2.0,1.9369960405547326
15124065|Q9GJT6,2.0,2.0728460174315355
163408069|Q9GJT6,2.0,2.0425740640451377
153637827|Q9GJT6,2.0,2.0425740640451377
153637805|Q9GJT6,2.0,2.0013556923837275
137539592|Q9GJT6,2.0,2.0163746762594914
153637662|Q9GJT6,2.0,1.9995689756927923
18180076|Q9GJT6,2.0,2.6279723486590094
137538729|Q9GJT6,2.0,1.9999932292379805
142540213|Q9GJT6,2.0,2.0209887518007026
46830335|Q9GJT6,2.0,2.0283494634762973
11580039|Q9GJT6,2.0,5.449203508837145
152409252|Q9GJT6,2.0,1.9686057727226636
152121487|Q9GJT6,2.0,1.9920178768287589
149731152|Q9GJT6,2.0,1.9312999480131878
146490626|Q9GJT6,2.0,1.6824759405658112
146490645|Q9GJT6,2.0,2.158731491852552
137539482|Q9GJT6,2.0,1.838679473277259
44342270|Q9GJT6,2.0,2.227161314663851
146490649|Q9GJT6,2.0,1.9074496111656296
4585|Q9GJT6,2.0,2.5266458327436516
11299968|Q9GJT6,2.0,6.861919182386342
137538707|Q9GJT6,2.0,1.9985344697006406
153637815|Q9GJT6,2.0,2.0087751630515474
142540187|Q9GJT6,2.0,2.000580476421055
11357862|Q9GJT6,2.0,6.646102896996731
49836386|Q9GJT6,2.0,5.697993778660285
150351504|Q9GJT6,2.0,1.9788818801768484
13477989|Q9GJT6,2.0,2.1582376111633015
137539351|Q9GJT6,2.0,1.8920423654435699
151664222|Q9GJT6,2.0,1.9731342952060198
149747008|Q9GJT6,2.0,1.9469662723616374
44304314|Q9GJT6,2.0,1.8791278490423358
146490633|Q9GJT6,2.0,1.9580844861461897
151424138|Q9GJT6,2.0,1.941921554105301
137539510|Q9GJT6,2.0,1.952337177590578
10288197|Q9GJT6,2.0,2.1823416896318695
52941478|Q9GJT6,2.0,2.2147441729629715
151991053|Q9GJT6,2.0,1.9477766916077817
137539494|Q9GJT6,2.0,1.9057259951275858
142540244|Q9GJT6,2.0,1.9805862822241445
146490623|Q9GJT6,2.0,2.1382966435587267
11973780|Q9GJT6,2.0,2.008151320834143
10398787|Q9GJT6,2.0,1.9950205763000532
137538815|Q9GJT6,2.0,1.9420678819135602
146490865|Q9GJT6,2.0,2.3636481209505926
137539398|Q9GJT6,2.0,1.9532511264358707
150519134|Q9GJT6,2.0,1.954372063049012
10825736|Q9GJT6,2.0,1.7421627042265826
153637741|Q9GJT6,2.0,2.008615626329309
2995|Q9GJT6,2.0,4.618551382358237
44306637|Q9GJT6,2.0,1.553198352530829
9848518|Q9GJT6,2.0,1.897500559011986
15124063|Q9GJT6,2.0,1.9166816935272413
162779484|Q9GJT6,2.0,2.185191769431069
152186108|Q9GJT6,2.0,1.9670192219811757
142540223|Q9GJT6,2.0,1.9853471326837837
142427013|Q9GJT6,2.0,2.088194815183624
153637846|Q9GJT6,2.0,1.9898037201138354
137644879|Q9GJT6,2.0,2.1381817856134
153637826|Q9GJT6,2.0,1.9853471326837837
49864722|Q9GJT6,2.0,2.355483881147071
3038495|Q9GJT6,2.0,2.7276839054939277
150485018|Q9GJT6,2.0,1.9752847473749582
3496768|Q9GJT6,2.0,1.7859962775156906
44251387|Q9GJT6,2.0,2.026603655050956
163408071|Q9GJT6,2.0,1.9957159156814857
10596380|Q9GJT6,2.0,2.2719415599107866
153637821|Q9GJT6,2.0,1.9957159156814857
137539657|Q9GJT6,2.0,2.045760817136588
153637838|Q9GJT6,2.0,2.0609636683027177
137539347|Q9GJT6,2.0,2.0045715916993423
142540173|Q9GJT6,2.0,2.0002157213950333
137539301|Q9GJT6,2.0,2.124634755142689
25230881|Q9GJT6,2.0,1.926412198307428
153637684|Q9GJT6,2.0,2.0026939632794813
68405874|Q9GJT6,2.0,2.066865459801999
46884818|Q9GJT6,2.0,1.8930310080293369
149829430|Q9GJT6,2.0,2.2478176618400236
10732779|Q9GJT6,2.0,3.0146451930105473
153637858|Q9GJT6,2.0,1.990813948035545
45487384|Q9GJT6,2.0,1.6567314726301265
11794523|Q9GJT6,2.0,2.000208931291846
142540473|Q9GJT6,2.0,2.0787113128014565
57970238|Q9GJT6,2.0,2.072580675557989
21186192|Q9GJT6,2.0,1.992048722934005
6466372|Q9GJT6,2.0,1.4764640936933306
152123874|Q9GJT6,2.0,2.000241075449672
146490860|Q9GJT6,2.0,2.1590407391677338
153637779|Q9GJT6,2.0,1.9824461192776308
153637710|Q9GJT6,2.0,1.9198446487932048
137538901|Q9GJT6,2.0,1.9485508998405896
44447994|Q9GJT6,2.0,1.7907881772461216
146490832|Q9GJT6,2.0,1.8858243605343596
11209208|Q9GJT6,2.0,5.9950880183770066
146443662|Q9GJT6,2.0,1.93454974327627
153637836|Q9GJT6,2.0,2.0114813498286033
10907460|Q9GJT6,2.0,4.075599625834942
67548392|Q9GJT6,2.0,1.9649973651751658
127034966|Q9GJT6,2.0,2.409077354968968
44345317|Q9GJT6,2.0,2.0103262269654016
10238677|Q9GJT6,2.0,2.0578912967617145
150353293|Q9GJT6,2.0,1.993447005483671
153637709|Q9GJT6,2.0,1.9821401094818105
4992|Q9GJT6,2.0,2.1452433163900326
146490634|Q9GJT6,2.0,2.0548216794739815
146490876|Q9GJT6,2.0,2.02266280387366
44413096|Q9GJT6,2.0,2.1428948880386183
137539362|Q9GJT6,2.0,1.9640607058560495
151604290|Q9GJT6,2.0,2.0046482640455543
68379135|Q9GJT6,2.0,2.129032267575499
5265|Q9GJT6,2.0,4.411431505984142
12128801|Q9GJT6,2.0,1.9790952239775417
443391|Q9GJT6,2.0,2.031994753790523
3559|Q9GJT6,2.0,3.566860374796702
137539338|Q9GJT6,2.0,1.9712092111369273
45109862|Q9GJT6,2.0,1.9318874571319178
146490640|Q9GJT6,2.0,1.9622137608363983
51003551|Q9GJT6,2.0,1.9453616971514278
5355|Q9GJT6,2.0,2.639222386531613
142540499|Q9GJT6,2.0,1.996222760761677
60795|Q9GJT6,2.0,3.134150514351946
137539546|Q9GJT6,2.0,1.9992464451635816
153637750|Q9GJT6,2.0,1.98141536616377
137539674|Q9GJT6,2.0,2.000010178509592
153637875|Q9GJT6,2.0,1.980940312144792
142540146|Q9GJT6,2.0,1.9618095105038709
137539262|Q9GJT6,2.0,1.986799285751443
132607373|Q9GJT6,2.0,2.4455855646654734
3033769|Q9GJT6,2.0,2.7981975073310634
142426991|Q9GJT6,2.0,1.9450542353824924
137539278|Q9GJT6,2.0,2.0006548504300072
146490652|Q9GJT6,2.0,2.0483252870645585
137539065|Q9GJT6,2.0,1.9881877047392515
146490646|Q9GJT6,2.0,1.9454750565686867
146490857|Q9GJT6,2.0,1.98923104782316
151102361|Q9GJT6,2.0,1.8945366946308977
44251388|Q9GJT6,2.0,2.229863665818671
15124062|Q9GJT6,2.0,2.2020242847669422
46240228|Q9GJT6,2.0,1.9543003936440875
137539656|Q9GJT6,2.0,1.9735640687069154
46238686|Q9GJT6,2.0,2.0480494985653883
137653821|Q9GJT6,2.0,2.035019796654364
153637845|Q9GJT6,2.0,1.9578392082076486
46842383|Q9GJT6,2.0,1.6818421529055922
2769|Q9GJT6,2.0,1.9866927212330365
137538578|Q9GJT6,2.0,2.039008879944335
10400783|Q9GJT6,2.0,1.7421627042265826
6448585|Q9GJT6,2.0,2.306372460651055
137539417|Q9GJT6,2.0,1.998417642722056
137539590|Q9GJT6,2.0,1.9178707600499019
152333305|Q9GJT6,2.0,1.9813743190058553
15124068|Q9GJT6,2.0,2.1938889394231254
142540385|Q9GJT6,2.0,2.0179763439319403
142540160|Q9GJT6,2.0,2.013311718487053
137538676|Q9GJT6,2.0,2.0097664328341938
146490903|Q9GJT6,2.0,2.043605970622867
137539501|Q9GJT6,2.0,2.0080277824797954
25207803|Q9GJT6,2.0,1.9076273413791722
137539342|Q9GJT6,2.0,1.9742794539179822
67548498|Q9GJT6,2.0,2.1001958450023688
25230948|Q9GJT6,2.0,1.9435172274272745
44318454|Q9GJT6,2.0,2.219243130315654
11470616|Q9GJT6,2.0,7.634638456560226
44398808|Q9GJT6,2.0,2.0664953988277492
137538548|Q9GJT6,2.0,2.009525351990838
137539644|Q9GJT6,2.0,1.9263348961254994
152083923|Q9GJT6,2.0,1.9160336035959886
142540399|Q9GJT6,2.0,2.0961208623835685
10288169|Q9GJT6,2.0,2.0498795642537524
10450082|Q9GJT6,2.0,2.0150986058838627
153637891|Q9GJT6,2.0,2.1658045735991154
146490827|Q9GJT6,2.0,1.9724076678082363
150617787|Q9GJT6,2.0,1.8229171461881635
153637679|Q9GJT6,2.0,2.0083994209368323
3035523|Q9GJT6,2.0,2.0761156184518574
21186098|Q9GJT6,2.0,2.069880404129837
44259|Q9GJT6,2.0,2.572371171839188
137539292|Q96NT5,2.0,-1.542463497830135
137539329|Q96NT5,2.0,-1.5711299977119737
11099480|Q96NT5,2.0,0.7722003155669284
11220599|Q96NT5,2.0,-0.5874800774392362
10518133|Q96NT5,2.0,0.017978681912069274
15124057|Q96NT5,2.0,0.5627336844079858
137539564|Q96NT5,2.0,-1.7817566286937288
11730467|Q96NT5,2.0,-0.3532113032732494
46885027|Q96NT5,2.0,0.3819888614659433
151746871|Q96NT5,2.0,-1.6447835165188955
153637730|Q96NT5,2.0,-1.5251550051086642
142540253|Q96NT5,2.0,-1.6025134251526911
4797946|Q96NT5,2.0,0.41654475578641753
153637786|Q96NT5,2.0,-1.7741421625033573
153637753|Q96NT5,2.0,-1.5716708453295043
151675446|Q96NT5,2.0,-1.558398956909511
17863210|Q96NT5,2.0,-1.0249271550261039
146490978|Q96NT5,2.0,-2.588193885001089
9868793|Q96NT5,2.0,-0.09485365448811596
44462219|Q96NT5,2.0,0.5528000087707995
137539191|Q96NT5,2.0,-1.4952965592365255
153637851|Q96NT5,2.0,-1.897152505401822
146299|Q96NT5,2.0,0.7695382717313101
137538569|Q96NT5,2.0,-1.6529464823679336
153637892|Q96NT5,2.0,-1.7649714869735744
164613241|Q96NT5,2.0,-3.4893333874242023
25099115|Q96NT5,2.0,-1.0286212826460746
137539559|Q96NT5,2.0,-1.6484951281140727
137539397|Q96NT5,2.0,-1.273153571106566
44306876|Q96NT5,2.0,0.6424462261750897
68551|Q96NT5,2.0,0.6652471619265479
10026300|Q96NT5,2.0,1.522979381197495
5095|Q96NT5,2.0,0.3176313177765058
15124064|Q96NT5,2.0,0.6427543068955709
146490639|Q96NT5,2.0,-2.2411673708303184
11277680|Q96NT5,2.0,-0.2978663180808553
145962202|Q96NT5,2.0,-2.7640179178653668
155210502|Q96NT5,2.0,-1.7820579939481245
146443751|Q96NT5,2.0,-2.541803799423598
137539728|Q96NT5,2.0,-1.7633703657773838
16104|Q96NT5,2.0,2.97578860878788
146490628|Q96NT5,2.0,-2.452970492682755
9947230|Q96NT5,2.0,0.5173013671449038
10381889|Q96NT5,2.0,0.035490629553168805
49864292|Q96NT5,2.0,0.09264274024033013
16082831|Q96NT5,2.0,-0.08185101607700541
5615|Q96NT5,2.0,-0.01482674600382081
44413202|Q96NT5,2.0,-2.154849963469353
160597|Q96NT5,2.0,0.8901901522090209
153637695|Q96NT5,2.0,-1.6521445594118631
153637832|Q96NT5,2.0,-1.6091063492239668
119570|Q96NT5,2.0,0.25041015477658396
153637762|Q96NT5,2.0,-1.53777256931907
156022974|Q96NT5,2.0,-2.500866699279309
146490674|Q96NT5,2.0,-2.370179291870695
142427004|Q96NT5,2.0,-1.6517289232343992
137539409|Q96NT5,2.0,-1.6683298323838234
142427011|Q96NT5,2.0,-1.6407283429591806
442203|Q96NT5,2.0,0.7593277616023136
137538808|Q96NT5,2.0,-1.670945887692096
127046493|Q96NT5,2.0,-1.759058883395225
153637720|Q96NT5,2.0,-1.7757614951426914
46884856|Q96NT5,2.0,0.1518576510665938
137539240|Q96NT5,2.0,-1.5599812496221037
146491094|Q96NT5,2.0,-2.211053527628612
20070445|Q96NT5,2.0,0.066076380904533
146490861|Q96NT5,2.0,-2.365086613835921
142540098|Q96NT5,2.0,-1.6929032313014307
137539305|Q96NT5,2.0,-1.5584030049978297
137539000|Q96NT5,2.0,-1.6613991682278029
153637687|Q96NT5,2.0,-1.6571838900785536
46175652|Q96NT5,2.0,-2.9110649615331523
153637707|Q96NT5,2.0,-1.6672103980330957
16037920|Q96NT5,2.0,-1.8756459540836599
153637666|Q96NT5,2.0,-1.68767905077127
44631910|Q96NT5,2.0,-2.8012004623935796
4946|Q96NT5,2.0,-0.07957615708749177
137538958|Q96NT5,2.0,-1.7221238387631208
46885213|Q96NT5,2.0,0.3352225180236055
13891896|Q96NT5,2.0,0.9388567644697039
137539229|Q96NT5,2.0,-1.4865762531801048
10385855|Q96NT5,2.0,-1.4739082096261726
142426965|Q96NT5,2.0,-2.591457965438184
149839126|Q96NT5,2.0,-1.824322618758826
146490828|Q96NT5,2.0,-2.5757070356498972
146490647|Q96NT5,2.0,-1.9551110998973227
15124065|Q96NT5,2.0,0.5657154883889746
163408069|Q96NT5,2.0,-1.6488956232668017
153637827|Q96NT5,2.0,-1.6488956232668017
153637805|Q96NT5,2.0,-1.6364155959302022
137539592|Q96NT5,2.0,-1.7044030681876747
153637662|Q96NT5,2.0,-1.5199234501483898
18180076|Q96NT5,2.0,0.7813104220249684
137538729|Q96NT5,2.0,-1.6967895973428804
142540213|Q96NT5,2.0,-1.7790076435046775
46830335|Q96NT5,2.0,0.36514783698968545
11580039|Q96NT5,2.0,0.06304444275276165
152409252|Q96NT5,2.0,-1.553829134104508
152121487|Q96NT5,2.0,-1.591182366160898
149731152|Q96NT5,2.0,-1.76715578714472
146490626|Q96NT5,2.0,-2.6687376236631057
146490645|Q96NT5,2.0,-2.076464762997877
137539482|Q96NT5,2.0,-1.844120094229256
44342270|Q96NT5,2.0,-0.03367640612244175
146490649|Q96NT5,2.0,-2.346163262593084
4585|Q96NT5,2.0,1.5005868944036223
11299968|Q96NT5,2.0,-0.8312716865147958
137538707|Q96NT5,2.0,-1.7044935785496471
153637815|Q96NT5,2.0,-1.548306963556478
142540187|Q96NT5,2.0,-1.8343921284138094
11357862|Q96NT5,2.0,-0.08316873434166137
49836386|Q96NT5,2.0,-0.028594306113085017
150351504|Q96NT5,2.0,-1.5785787647357303
13477989|Q96NT5,2.0,0.3625616028280011
137539351|Q96NT5,2.0,-1.703411949440672
151664222|Q96NT5,2.0,-1.575929428921203
149747008|Q96NT5,2.0,-1.655615523213684
44304314|Q96NT5,2.0,0.7593776453717964
146490633|Q96NT5,2.0,-2.256626593536085
151424138|Q96NT5,2.0,-1.7018294714125255
137539510|Q96NT5,2.0,-1.783917815713481
10288197|Q96NT5,2.0,-2.0830534580193047
52941478|Q96NT5,2.0,-2.318961499698769
151991053|Q96NT5,2.0,-1.562650339884824
137539494|Q96NT5,2.0,-1.4942234779696864
142540244|Q96NT5,2.0,-1.7816657968988368
146490623|Q96NT5,2.0,-2.3302221694542853
11973780|Q96NT5,2.0,-0.26218165210003175
10398787|Q96NT5,2.0,0.7121357027195815
137538815|Q96NT5,2.0,-1.4845956382276233
146490865|Q96NT5,2.0,-2.0053685709482862
137539398|Q96NT5,2.0,-1.5411474132987584
150519134|Q96NT5,2.0,-1.6110432937298291
10825736|Q96NT5,2.0,-0.12213699372725921
153637741|Q96NT5,2.0,-1.692388719874597
2995|Q96NT5,2.0,-0.26407040262645154
44306637|Q96NT5,2.0,0.5489331207387428
9848518|Q96NT5,2.0,-1.3827206357818538
15124063|Q96NT5,2.0,0.6708757766175667
162779484|Q96NT5,2.0,-1.63034942205369
152186108|Q96NT5,2.0,-1.6156624540695472
142540223|Q96NT5,2.0,-1.649823918536002
142427013|Q96NT5,2.0,-2.028039456772183
153637846|Q96NT5,2.0,-1.563285252025195
137644879|Q96NT5,2.0,0.6416340851346496
153637826|Q96NT5,2.0,-1.649823918536002
49864722|Q96NT5,2.0,0.5211555401202829
3038495|Q96NT5,2.0,0.14727832273602495
150485018|Q96NT5,2.0,-1.6685700718587289
3496768|Q96NT5,2.0,0.7011667169644139
44251387|Q96NT5,2.0,0.2075895450426421
163408071|Q96NT5,2.0,-1.7081113591747887
10596380|Q96NT5,2.0,1.420521592849788
153637821|Q96NT5,2.0,-1.7081113591747887
137539657|Q96NT5,2.0,-1.5979325363942767
153637838|Q96NT5,2.0,-1.6983283270273408
137539347|Q96NT5,2.0,-1.747497235334337
142540173|Q96NT5,2.0,-1.6295840389946177
137539301|Q96NT5,2.0,-1.9106844570024049
25230881|Q96NT5,2.0,-1.7897457494561015
153637684|Q96NT5,2.0,-1.5483682171268178
68405874|Q96NT5,2.0,-2.2119281500753263
46884818|Q96NT5,2.0,0.18206923271644343
149829430|Q96NT5,2.0,-1.9019171880838426
10732779|Q96NT5,2.0,0.017978681912069274
153637858|Q96NT5,2.0,-1.540987665645829
45487384|Q96NT5,2.0,-0.025921040342011026
11794523|Q96NT5,2.0,0.9434806537815278
142540473|Q96NT5,2.0,-1.5053723083151025
57970238|Q96NT5,2.0,0.37601005852207453
21186192|Q96NT5,2.0,0.6758183186964739
6466372|Q96NT5,2.0,0.6123746682284334
152123874|Q96NT5,2.0,-1.8827050750245036
146490860|Q96NT5,2.0,-2.32352795232614
153637779|Q96NT5,2.0,-1.4393646733032328
153637710|Q96NT5,2.0,-1.7812915379007508
137538901|Q96NT5,2.0,-1.7974258982922824
44447994|Q96NT5,2.0,0.6931282036754423
146490832|Q96NT5,2.0,-2.1041078201364978
11209208|Q96NT5,2.0,-1.3529425508492972
146443662|Q96NT5,2.0,-2.6755089364045905
153637836|Q96NT5,2.0,-1.6009975917766177
10907460|Q96NT5,2.0,-0.10435938659274042
67548392|Q96NT5,2.0,-2.473555268000528
127034966|Q96NT5,2.0,-0.15101872897204108
44345317|Q96NT5,2.0,-0.0641384564683724
10238677|Q96NT5,2.0,-2.2040868149611073
150353293|Q96NT5,2.0,-1.7963883400746792
153637709|Q96NT5,2.0,-1.6941038035363414
4992|Q96NT5,2.0,0.13611649933329695
146490634|Q96NT5,2.0,-2.5609394181908085
146490876|Q96NT5,2.0,-2.577462162206636
44413096|Q96NT5,2.0,-2.2845799402595324
137539362|Q96NT5,2.0,-1.7956383202522486
151604290|Q96NT5,2.0,-1.77527455184523
68379135|Q96NT5,2.0,-0.6562815056449487
5265|Q96NT5,2.0,-0.1598188001101902
12128801|Q96NT5,2.0,-1.7870546442761612
443391|Q96NT5,2.0,-0.16973519051166225
3559|Q96NT5,2.0,-0.6155122125605911
137539338|Q96NT5,2.0,-1.6847390891326464
45109862|Q96NT5,2.0,0.825638223644232
146490640|Q96NT5,2.0,-2.055213981613978
51003551|Q96NT5,2.0,0.2333485523980219
5355|Q96NT5,2.0,-0.18210335864550362
142540499|Q96NT5,2.0,-1.7560171584441011
60795|Q96NT5,2.0,0.17167254017371003
137539546|Q96NT5,2.0,-1.6621204392998115
153637750|Q96NT5,2.0,-1.5474243524823108
137539674|Q96NT5,2.0,-1.7395606618276431
153637875|Q96NT5,2.0,-1.5493202207347496
142540146|Q96NT5,2.0,-1.639708665183837
137539262|Q96NT5,2.0,-1.5771782792236615
132607373|Q96NT5,2.0,-0.0526635891696755
3033769|Q96NT5,2.0,0.06646366657869492
142426991|Q96NT5,2.0,-1.6636628378650118
137539278|Q96NT5,2.0,-1.4710669906755607
146490652|Q96NT5,2.0,-2.530821900908994
137539065|Q96NT5,2.0,-1.481261247461602
146490646|Q96NT5,2.0,-1.9845598037163183
146490857|Q96NT5,2.0,-2.248035294459361
151102361|Q96NT5,2.0,-1.9738890743286488
44251388|Q96NT5,2.0,-0.45373417359498064
15124062|Q96NT5,2.0,0.6339363935326385
46240228|Q96NT5,2.0,-2.117371158263547
137539656|Q96NT5,2.0,-1.5599812496221037
46238686|Q96NT5,2.0,-2.065359412856141
137653821|Q96NT5,2.0,0.4042858893020503
153637845|Q96NT5,2.0,-1.6571838900785536
46842383|Q96NT5,2.0,0.21279125217888625
2769|Q96NT5,2.0,-0.3268929021955373
137538578|Q96NT5,2.0,-1.5232563168601154
10400783|Q96NT5,2.0,-0.12213699372725921
6448585|Q96NT5,2.0,-0.3291634405706742
137539417|Q96NT5,2.0,-1.8082361625487442
137539590|Q96NT5,2.0,-1.6440562089286348
152333305|Q96NT5,2.0,-1.4833667060277687
15124068|Q96NT5,2.0,0.231197792722995
142540385|Q96NT5,2.0,-1.8315373865556086
142540160|Q96NT5,2.0,-1.527128361838087
137538676|Q96NT5,2.0,-1.5913813050389083
146490903|Q96NT5,2.0,-2.459228505711706
137539501|Q96NT5,2.0,-1.4975644222117677
25207803|Q96NT5,2.0,-1.8078477741900347
137539342|Q96NT5,2.0,-1.62637734342712
67548498|Q96NT5,2.0,-2.744120473080325
25230948|Q96NT5,2.0,-1.7458379902911718
44318454|Q96NT5,2.0,-0.19969205275478544
11470616|Q96NT5,2.0,-0.5970562318820422
44398808|Q96NT5,6.671620396561262,0.5660176899330781
137538548|Q96NT5,2.0,-1.6590112000459012
137539644|Q96NT5,2.0,-1.620929916403576
152083923|Q96NT5,2.0,-1.5662659745648588
142540399|Q96NT5,2.0,-1.7849381160647808
10288169|Q96NT5,2.0,-2.198108355443519
10450082|Q96NT5,2.0,1.1846764279780435
153637891|Q96NT5,2.0,-1.5799157877634105
146490827|Q96NT5,2.0,-2.564513774835604
150617787|Q96NT5,2.0,-1.4115654613484978
153637679|Q96NT5,2.0,-1.5709323105903612
3035523|Q96NT5,2.0,0.6662233697325081
21186098|Q96NT5,2.0,0.57499508755526
44259|Q96NT5,2.0,-1.1300265196516603
137539292|P14416,2.0,1.7358315937611348
137539329|P14416,2.0,2.0794092192112283
11099480|P14416,2.0,12.342279248147257
11220599|P14416,5.0,6.5409078437057575
10518133|P14416,2.0,14.695809589501646
15124057|P14416,2.0,1.9638849400049254
137539564|P14416,2.0,1.8001872274280155
11730467|P14416,2.0,7.301245866862763
46885027|P14416,5.0,6.459809047531078
151746871|P14416,2.0,1.2779790849975474
153637730|P14416,2.0,1.7111731972679527
142540253|P14416,2.0,1.8489453581691646
4797946|P14416,4.236534568871253,4.121028266747992
153637786|P14416,2.0,1.893595274575378
153637753|P14416,2.0,2.009612571086746
151675446|P14416,2.0,2.0101425928027443
17863210|P14416,2.0,1.7977957400805986
146490978|P14416,2.0,2.7251946854449574
9868793|P14416,2.0,2.7819323584332842
44462219|P14416,2.0,6.130472424201311
137539191|P14416,2.0,2.009716251730956
153637851|P14416,2.0,1.665794267611915
146299|P14416,2.0,12.93016476496132
137538569|P14416,2.0,1.517952300709507
153637892|P14416,2.0,2.0497923749158717
164613241|P14416,2.0,3.65496620116538
25099115|P14416,2.0,7.44022091448167
137539559|P14416,2.0,1.1268430151446422
137539397|P14416,2.0,2.1258829396147862
44306876|P14416,2.0,2.6587589016906903
68551|P14416,5.15002808767115,6.79244910559449
10026300|P14416,7.2839966563652006,5.747842156820489
5095|P14416,2.0,7.973317206757245
15124064|P14416,2.0,1.9267966116828372
146490639|P14416,2.0,1.1460532877714198
11277680|P14416,5.0,7.1558468585705315
145962202|P14416,2.0,3.9103916457627306
155210502|P14416,2.0,2.497514240144073
146443751|P14416,2.0,1.4704276738872442
137539728|P14416,2.0,1.4590864802803836
16104|P14416,7.468521082957745,11.667378587937716
146490628|P14416,2.0,2.2742983099536747
9947230|P14416,2.0,6.138355888773513
10381889|P14416,8.060480747381382,10.516341045018063
49864292|P14416,5.0,5.940887360079645
16082831|P14416,2.0,5.750690606321154
5615|P14416,6.2076083105017466,4.508393140281653
44413202|P14416,2.0,3.3426681794915947
160597|P14416,2.0,12.034596138290684
153637695|P14416,2.0,2.032492208970123
153637832|P14416,2.0,1.9238148783548643
119570|P14416,5.0,4.164130291584891
153637762|P14416,2.0,1.7961803223573254
156022974|P14416,2.0,2.6167907884302193
146490674|P14416,2.0,2.6417150932770017
142427004|P14416,2.0,2.240077574431984
137539409|P14416,2.0,1.414496587532069
142427011|P14416,2.0,2.3701216342812983
442203|P14416,2.0,12.864395641732488
137538808|P14416,2.0,1.8501191585078958
127046493|P14416,2.0,4.308474401261407
153637720|P14416,2.0,1.5312210481063815
46884856|P14416,5.0,6.628985029080808
137539240|P14416,2.0,2.1181760162881886
146491094|P14416,2.0,2.4864440368903424
20070445|P14416,2.0,4.265701421222985
146490861|P14416,2.0,1.4089642124649127
142540098|P14416,2.0,1.335468940761461
137539305|P14416,2.0,1.742256413390015
137539000|P14416,2.0,1.7509061765223495
153637687|P14416,2.0,1.9637339072030788
46175652|P14416,2.0,3.5205751085446737
153637707|P14416,2.0,2.0935287649517402
16037920|P14416,2.0,2.807074508150592
153637666|P14416,2.0,1.6277122704511862
44631910|P14416,2.0,3.490728504171885
4946|P14416,5.299988937677887,4.261931423990279
137538958|P14416,2.0,1.4518521345397428
46885213|P14416,5.0,6.216393267350977
13891896|P14416,2.0,11.579105072242141
137539229|P14416,2.0,1.9215586357216758
10385855|P14416,5.0,6.034130459912329
142426965|P14416,2.0,2.1712313391293376
149839126|P14416,2.0,1.385404442519311
146490828|P14416,2.0,1.5583015506027764
146490647|P14416,2.0,2.077185479764151
15124065|P14416,2.0,2.43110789884038
163408069|P14416,2.0,1.5173309071510384
153637827|P14416,2.0,1.5173309071510384
153637805|P14416,2.0,1.7590123991313256
137539592|P14416,2.0,1.8828701052404155
153637662|P14416,2.0,1.9835713201062783
18180076|P14416,5.0,5.064719243639187
137538729|P14416,2.0,1.6570523287870706
142540213|P14416,2.0,1.453330296755152
46830335|P14416,5.0,6.0847982004114805
11580039|P14416,5.0,6.399426348764367
152409252|P14416,2.0,2.3686706428531092
152121487|P14416,2.0,1.6212248060801315
149731152|P14416,2.0,1.5300250903149917
146490626|P14416,2.0,2.068586967528213
146490645|P14416,2.0,2.2647902464777903
137539482|P14416,2.0,1.9577467648312823
44342270|P14416,6.318758762624412,5.751831806386825
146490649|P14416,2.0,2.141303646840861
4585|P14416,8.0,7.56666707643484
11299968|P14416,5.0,7.42067372985789
137538707|P14416,2.0,1.622273490919269
153637815|P14416,2.0,1.930296642347605
142540187|P14416,2.0,1.2990347635629214
11357862|P14416,5.0,7.6782164379173485
49836386|P14416,4.522878745280337,6.839920068651856
150351504|P14416,2.0,1.4581026720479628
13477989|P14416,2.0,2.69795049943582
137539351|P14416,2.0,1.9460502223359675
151664222|P14416,2.0,2.2483981102458177
149747008|P14416,2.0,1.5590583935420288
44304314|P14416,5.638272163982407,6.212965260555862
146490633|P14416,2.0,1.0733430189628956
151424138|P14416,2.0,2.503298422827324
137539510|P14416,2.0,2.4478821520928613
10288197|P14416,2.0,2.027603873109101
52941478|P14416,2.0,3.983400991689254
151991053|P14416,2.0,1.308352280517362
137539494|P14416,2.0,2.074606735264222
142540244|P14416,2.0,2.0739192145567067
146490623|P14416,2.0,2.723851525992445
11973780|P14416,2.0,5.232403415848615
10398787|P14416,2.0,1.9500919369697032
137538815|P14416,2.0,2.015501440970591
146490865|P14416,2.0,2.3010788078370816
137539398|P14416,2.0,1.5792671624805925
150519134|P14416,2.0,1.22140698620021
10825736|P14416,2.0,12.633380477698847
153637741|P14416,2.0,1.8729938242757593
2995|P14416,2.0,5.760547721568428
44306637|P14416,2.0,2.1464214879812906
9848518|P14416,5.0,1.905361926133921
15124063|P14416,2.0,2.356682404718689
162779484|P14416,2.0,2.4096025679921445
152186108|P14416,2.0,1.3104653208925088
142540223|P14416,2.0,1.9586211704104144
142427013|P14416,2.0,2.427066795300875
153637846|P14416,2.0,1.8650563685750698
137644879|P14416,2.0,3.3978625429825553
153637826|P14416,2.0,1.9586211704104144
49864722|P14416,5.0,4.302561188740091
3038495|P14416,2.0,5.790364868058557
150485018|P14416,2.0,1.6450995933162016
3496768|P14416,2.0,12.162540770644402
44251387|P14416,5.0,4.64532378213883
163408071|P14416,2.0,1.686183559761101
10596380|P14416,6.0,5.8790916841323755
153637821|P14416,2.0,1.686183559761101
137539657|P14416,2.0,2.0530471356906568
153637838|P14416,2.0,2.1885386550542636
137539347|P14416,2.0,1.4916537591085477
142540173|P14416,2.0,1.0660721303541976
137539301|P14416,2.0,2.0776574322394055
25230881|P14416,2.0,2.7217559382851193
153637684|P14416,2.0,1.8020257476952628
68405874|P14416,2.0,3.361854178557983
46884818|P14416,5.0,6.924591974489776
149829430|P14416,2.0,1.5401126915422314
10732779|P14416,2.0,14.695809589501646
153637858|P14416,2.0,1.5512751926008987
45487384|P14416,2.0,4.649212785632361
11794523|P14416,2.0,7.804878581700586
142540473|P14416,2.0,1.8752921736337869
57970238|P14416,2.0,3.7524659738226873
21186192|P14416,7.154901959985743,3.5952764668876402
6466372|P14416,4.20409218869848,3.981178541534427
152123874|P14416,2.0,2.5202630029356228
146490860|P14416,2.0,1.5207381229433141
153637779|P14416,2.0,1.7702629346489775
153637710|P14416,2.0,1.6310826842318127
137538901|P14416,2.0,1.8124358708989452
44447994|P14416,2.0,12.109543582013462
146490832|P14416,2.0,1.7148241502938688
11209208|P14416,5.0,6.225212345039562
146443662|P14416,2.0,1.3248696861024936
153637836|P14416,2.0,1.9991409716716106
10907460|P14416,5.539102157243452,7.3520257184335485
67548392|P14416,2.0,2.9886363071305984
127034966|P14416,5.299988937677887,9.322096921815719
44345317|P14416,6.0,9.886956458670372
10238677|P14416,2.0,2.4061300914871877
150353293|P14416,2.0,2.132244234597766
153637709|P14416,2.0,1.6377945908127494
4992|P14416,2.0,4.618367878167168
146490634|P14416,2.0,1.4279500775748168
146490876|P14416,2.0,1.4140098866151125
44413096|P14416,2.0,2.285283476601711
137539362|P14416,2.0,1.8707992391976702
151604290|P14416,2.0,1.6253841632582828
68379135|P14416,2.0,3.795878741303257
5265|P14416,9.105130343254748,6.3653517977068015
12128801|P14416,2.0,1.9508350114498956
443391|P14416,6.0,5.1066725635019745
3559|P14416,8.39254497678533,8.334885445865265
137539338|P14416,2.0,1.6582796852106318
45109862|P14416,5.970210529168145,5.123370736340398
146490640|P14416,2.0,1.232397304998607
51003551|P14416,5.0,4.879350408069708
5355|P14416,7.582694416755475,8.591630612513613
142540499|P14416,2.0,1.3540146645535844
60795|P14416,7.958607314841775,6.087001154614861
137539546|P14416,2.0,1.3524312098636222
153637750|P14416,2.0,1.715437434517898
137539674|P14416,2.0,1.623837748912148
153637875|P14416,2.0,1.238888853242944
142540146|P14416,2.0,1.9053999304498928
137539262|P14416,2.0,1.3691540826521245
132607373|P14416,2.0,5.614457753606145
3033769|P14416,7.293282217663242,7.52645928007179
142426991|P14416,2.0,2.217870774047642
137539278|P14416,2.0,1.7929699860017294
146490652|P14416,2.0,2.4157528766610823
137539065|P14416,2.0,1.9601075256092544
146490646|P14416,2.0,1.4806850166086942
146490857|P14416,2.0,1.2621638182663875
151102361|P14416,2.0,2.724442594019889
44251388|P14416,5.0,5.084704590604016
15124062|P14416,2.0,1.8573478418258316
46240228|P14416,2.0,2.656567337967725
137539656|P14416,2.0,2.1181760162881886
46238686|P14416,2.0,2.597553613844869
137653821|P14416,2.0,3.7219698808079733
153637845|P14416,2.0,1.9637339072030788
46842383|P14416,5.0,7.295574131888195
2769|P14416,6.6439741428068775,7.4418473897102775
137538578|P14416,2.0,1.9312698791462328
10400783|P14416,2.0,12.633380477698847
6448585|P14416,2.0,4.140694828732891
137539417|P14416,2.0,2.030731740655346
137539590|P14416,2.0,1.436146697067192
152333305|P14416,2.0,2.136493640719159
15124068|P14416,2.0,3.281772320307846
142540385|P14416,2.0,1.397063945133433
142540160|P14416,2.0,1.8580405777484168
137538676|P14416,2.0,1.4923243775929538
146490903|P14416,2.0,2.4844834801701916
137539501|P14416,2.0,1.728653018019517
25207803|P14416,2.0,2.700919720363447
137539342|P14416,2.0,1.6942954593879913
67548498|P14416,2.0,2.368711732143532
25230948|P14416,2.0,2.7121129531137464
44318454|P14416,7.443697499232713,7.958673511229955
11470616|P14416,5.0,6.526353904094553
44398808|P14416,2.0,4.292128881419648
137538548|P14416,2.0,1.408541975625313
137539644|P14416,2.0,1.6308629493860793
152083923|P14416,2.0,1.8529397471281308
142540399|P14416,2.0,2.2871243325169655
10288169|P14416,2.0,2.220842557200832
10450082|P14416,5.008773924307505,5.180208927321
153637891|P14416,2.0,1.9561393699346015
146490827|P14416,2.0,1.3165598706098
150617787|P14416,2.0,2.499608485459517
153637679|P14416,2.0,1.3521060102923954
3035523|P14416,2.0,2.1192925598808143
21186098|P14416,6.6020599913279625,3.814658297785601
44259|P14416,2.0,2.8323981473563165
137539292|P31390,2.0,2.5452544739063474
137539329|P31390,2.0,2.506371218976635
11099480|P31390,2.0,-0.11034717649804732
11220599|P31390,2.0,0.6747992744792332
10518133|P31390,2.0,0.5563651326765158
15124057|P31390,2.0,1.7292692492676236
137539564|P31390,2.0,2.583821182735656
11730467|P31390,2.0,4.319746136322734
46885027|P31390,2.0,0.8474783263580772
151746871|P31390,2.0,2.7944015720588706
153637730|P31390,2.0,2.598817942158629
142540253|P31390,2.0,2.58730275630464
4797946|P31390,2.0,1.4662085260899613
153637786|P31390,2.0,2.5708718407552453
153637753|P31390,2.0,2.54117723574886
151675446|P31390,2.0,2.524134344196725
17863210|P31390,2.0,2.336385314478317
146490978|P31390,2.0,2.6826474796694266
9868793|P31390,2.0,1.0656487514537953
44462219|P31390,2.0,1.0973971334863863
137539191|P31390,2.0,2.4472838445336866
153637851|P31390,2.0,2.6481506197207176
146299|P31390,2.0,-0.02202678800905941
137538569|P31390,2.0,2.6799695709138738
153637892|P31390,2.0,2.591325987213733
164613241|P31390,2.0,0.7504936541676506
25099115|P31390,2.0,2.3981921801301778
137539559|P31390,2.0,2.7634963027509354
137539397|P31390,2.0,2.532734718484143
44306876|P31390,2.0,1.8180255338240523
68551|P31390,11.221848749616356,2.140374897448984
10026300|P31390,6.920818753952375,1.2604224820533092
5095|P31390,2.0,1.747482505961364
15124064|P31390,2.0,2.065673571651491
146490639|P31390,2.0,2.733525410587034
11277680|P31390,2.0,1.5735544370053423
145962202|P31390,2.0,2.341773992505444
155210502|P31390,2.0,2.294334810184453
146443751|P31390,2.0,2.7700599062104114
137539728|P31390,2.0,2.7163779605956355
16104|P31390,2.0,2.0232470636500732
146490628|P31390,2.0,2.58098951698868
9947230|P31390,2.0,1.157242977021804
10381889|P31390,2.0,4.7000829566400695
49864292|P31390,2.0,2.0433603475895223
16082831|P31390,2.0,3.564332250870688
5615|P31390,2.0,0.8667650795308195
44413202|P31390,2.0,2.11472739137731
160597|P31390,2.0,0.09017321284242769
153637695|P31390,2.0,2.525171511337541
153637832|P31390,2.0,2.511611281245546
119570|P31390,2.0,2.2832551416437585
153637762|P31390,2.0,2.546124102433521
156022974|P31390,2.0,2.4247932632244664
146490674|P31390,2.0,2.5301911064041342
142427004|P31390,2.0,2.565822294729882
137539409|P31390,2.0,2.707032798621723
142427011|P31390,2.0,2.7661192000268167
442203|P31390,2.0,-0.012353384010778139
137538808|P31390,2.0,2.6081337311232393
127046493|P31390,2.0,2.3032873775831613
153637720|P31390,2.0,2.6913037289758446
46884856|P31390,2.0,0.8826182611007739
137539240|P31390,2.0,2.5092626996402876
146491094|P31390,2.0,2.291351883452524
20070445|P31390,2.0,1.4417409278375461
146490861|P31390,2.0,2.692957073063356
142540098|P31390,2.0,2.734813937930786
137539305|P31390,2.0,2.5975830510766658
137539000|P31390,2.0,2.624349517240937
153637687|P31390,2.0,2.4984328983204036
46175652|P31390,2.0,2.5178924869336536
153637707|P31390,2.0,2.502713422362661
16037920|P31390,2.0,2.4320959330734118
153637666|P31390,2.0,2.6735016412703896
44631910|P31390,2.0,2.653914288586602
4946|P31390,2.0,3.6186976775312156
137538958|P31390,2.0,2.7104501864242696
46885213|P31390,2.0,0.9491900627251549
13891896|P31390,2.0,0.2776696599120851
137539229|P31390,2.0,2.622040916131427
10385855|P31390,2.0,4.285551928926367
142426965|P31390,2.0,2.61484909873477
149839126|P31390,2.0,2.8117567920678805
146490828|P31390,2.0,2.689161266444244
146490647|P31390,2.0,2.3899925022081674
15124065|P31390,2.0,1.9201188274030287
163408069|P31390,2.0,2.608448341665429
153637827|P31390,2.0,2.608448341665429
153637805|P31390,2.0,2.583803112523303
137539592|P31390,2.0,2.533048164335484
153637662|P31390,2.0,2.5293966826474072
18180076|P31390,2.0,2.612620370330915
137538729|P31390,2.0,2.6404877247463285
142540213|P31390,2.0,2.7083837531902373
46830335|P31390,2.0,1.0709469481734197
11580039|P31390,2.0,1.3070990803046447
152409252|P31390,2.0,2.405783261860616
152121487|P31390,2.0,2.668455559076469
149731152|P31390,2.0,2.6872946599831615
146490626|P31390,2.0,2.4627847385755253
146490645|P31390,2.0,2.263538235332134
137539482|P31390,2.0,2.539165810088695
44342270|P31390,2.0,1.4468078135202094
146490649|P31390,2.0,2.4397222120539643
4585|P31390,7.886056647693163,1.5440720398338896
11299968|P31390,2.0,0.6806694225990568
137538707|P31390,2.0,2.637871351894205
153637815|P31390,2.0,2.5357010449286954
142540187|P31390,2.0,2.750272373432102
11357862|P31390,2.0,1.2543373021497304
49836386|P31390,2.0,1.3942874466650186
150351504|P31390,2.0,2.6873462850370613
13477989|P31390,2.0,1.8234170054770147
137539351|P31390,2.0,2.4775893460118756
151664222|P31390,2.0,2.4068476942989507
149747008|P31390,2.0,2.605282912715828
44304314|P31390,2.0,1.9337190713173475
146490633|P31390,2.0,2.7560601481542277
151424138|P31390,2.0,2.489971818440056
137539510|P31390,2.0,2.4340281649633897
10288197|P31390,2.0,2.4776230061789617
52941478|P31390,2.0,1.7299140589832298
151991053|P31390,2.0,2.7255825930046025
137539494|P31390,2.0,2.5222664452136874
142540244|P31390,2.0,2.583772897948935
146490623|P31390,2.0,2.4676509001947795
11973780|P31390,2.0,3.4631919138662832
10398787|P31390,2.0,1.9636282377175838
137538815|P31390,2.0,2.5681072322583915
146490865|P31390,2.0,2.255321273024901
137539398|P31390,2.0,2.589716169160113
150519134|P31390,2.0,2.70057714297723
10825736|P31390,2.0,-0.7132703884492712
153637741|P31390,2.0,2.554707659377491
2995|P31390,9.096910013008056,5.186503357688937
44306637|P31390,2.0,1.7941506024580456
9848518|P31390,2.0,3.693314248929992
15124063|P31390,2.0,1.8759521224729827
162779484|P31390,2.0,2.458209636767943
152186108|P31390,2.0,2.6793197816394327
142540223|P31390,2.0,2.5423804731162343
142427013|P31390,2.0,2.8599494008627184
153637846|P31390,2.0,2.5756756795633615
137644879|P31390,2.0,0.9733878734754947
153637826|P31390,2.0,2.5423804731162343
49864722|P31390,2.0,1.906761042269309
3038495|P31390,2.0,1.0215558338733715
150485018|P31390,2.0,2.6480804760237366
3496768|P31390,2.0,0.10051859289268274
44251387|P31390,2.0,1.4525374164927631
163408071|P31390,2.0,2.6428533573695274
10596380|P31390,2.0,1.3090700898270573
153637821|P31390,2.0,2.6428533573695274
137539657|P31390,2.0,2.502739591637828
153637838|P31390,2.0,2.5080474676454605
137539347|P31390,2.0,2.691264779316474
142540173|P31390,2.0,2.761110779162482
137539301|P31390,2.0,2.528180713608841
25230881|P31390,2.0,2.2758531819095604
153637684|P31390,2.0,2.6160192998864504
68405874|P31390,2.0,2.25244501936453
46884818|P31390,2.0,0.7419267158496042
149829430|P31390,2.0,2.8098480369487255
10732779|P31390,2.0,0.5563651326765158
153637858|P31390,2.0,2.6924618683443766
45487384|P31390,2.0,3.5666773679902946
11794523|P31390,2.0,1.0685293824267412
142540473|P31390,2.0,2.578930225964296
57970238|P31390,2.0,1.7073172990363414
21186192|P31390,2.0,1.6801911632461848
6466372|P31390,2.0,1.5738198972147963
152123874|P31390,2.0,2.462501788769733
146490860|P31390,2.0,2.7266829954066742
153637779|P31390,2.0,2.576726264686893
153637710|P31390,2.0,2.601651747811511
137538901|P31390,2.0,2.6008116682885722
44447994|P31390,2.0,0.11836735450917814
146490832|P31390,2.0,2.5661533627532145
11209208|P31390,2.0,1.3291304173903362
146443662|P31390,2.0,2.712166530853674
153637836|P31390,2.0,2.4932321353937876
10907460|P31390,2.0,2.6053000471945116
67548392|P31390,2.0,2.5572914668001134
127034966|P31390,2.0,1.349361120467489
44345317|P31390,2.0,4.1017202557601316
10238677|P31390,2.0,2.473403221423537
150353293|P31390,2.0,2.5716291301683256
153637709|P31390,2.0,2.622215320838405
4992|P31390,8.24033215531037,0.6460000998653012
146490634|P31390,2.0,2.8639191788856526
146490876|P31390,2.0,2.8132830956515416
44413096|P31390,2.0,2.6171651826793867
137539362|P31390,2.0,2.61493155345401
151604290|P31390,2.0,2.657337878569931
68379135|P31390,2.0,1.7826840338220122
5265|P31390,2.0,3.1659175185321984
12128801|P31390,2.0,2.5721720942541957
443391|P31390,2.0,2.0529517752570894
3559|P31390,6.0,1.3163383932796766
137539338|P31390,2.0,2.5604475117549144
45109862|P31390,2.0,1.2636161327259163
146490640|P31390,2.0,2.689120090511687
51003551|P31390,2.0,1.282521850241118
5355|P31390,2.0,1.4711909270944772
142540499|P31390,2.0,2.731030483299035
60795|P31390,5.522878745280337,0.6759482747875294
137539546|P31390,2.0,2.7112576921663565
153637750|P31390,2.0,2.636176099189309
137539674|P31390,2.0,2.6161323448124896
153637875|P31390,2.0,2.736448126812949
142540146|P31390,2.0,2.5434815173572174
137539262|P31390,2.0,2.681737798215256
132607373|P31390,2.0,1.7963788355886454
3033769|P31390,2.0,1.3419373723045476
142426991|P31390,2.0,2.5757622812603183
137539278|P31390,2.0,2.588767502886395
146490652|P31390,2.0,2.588479370154647
137539065|P31390,2.0,2.491699919162976
146490646|P31390,2.0,2.632127026403624
146490857|P31390,2.0,2.6381110006521498
151102361|P31390,2.0,2.41251923241629
44251388|P31390,2.0,1.8821029546172863
15124062|P31390,2.0,2.068424858737662
46240228|P31390,2.0,2.480388837032823
137539656|P31390,2.0,2.5092626996402876
46238686|P31390,2.0,2.5368347874605486
137653821|P31390,2.0,1.7309732742318196
153637845|P31390,2.0,2.4984328983204036
46842383|P31390,2.0,0.582647892319508
2769|P31390,2.0,0.605878116282191
137538578|P31390,2.0,2.5339274868483246
10400783|P31390,2.0,-0.7132703884492712
6448585|P31390,2.0,1.8305379521393035
137539417|P31390,2.0,2.5321705553234133
137539590|P31390,2.0,2.682833089024379
152333305|P31390,2.0,2.520379981939366
15124068|P31390,2.0,1.7581688819500745
142540385|P31390,2.0,2.763309947842675
142540160|P31390,2.0,2.582688874429875
137538676|P31390,2.0,2.711201014812954
146490903|P31390,2.0,2.523979693392191
137539501|P31390,2.0,2.6551495660501403
25207803|P31390,2.0,2.2858340476382972
137539342|P31390,2.0,2.620136980552376
67548498|P31390,2.0,2.661345656448343
25230948|P31390,2.0,2.243103728654738
44318454|P31390,2.0,5.287425691627781
11470616|P31390,2.0,0.6845904921150597
44398808|P31390,2.0,1.5698579809173872
137538548|P31390,2.0,2.6886045108960843
137539644|P31390,2.0,2.670734769126341
152083923|P31390,2.0,2.5954251140027176
142540399|P31390,2.0,2.5057393802112378
10288169|P31390,2.0,2.5604941067382945
10450082|P31390,2.0,1.3647843868095049
153637891|P31390,2.0,2.5655421870087247
146490827|P31390,2.0,2.711792311868418
150617787|P31390,2.0,2.2586585534221824
153637679|P31390,2.0,2.6974127940317643
3035523|P31390,2.0,1.923291441337436
21186098|P31390,2.0,1.3207473609596785
44259|P31390,2.0,1.6799575458535962
137539292|P0DMS8,6.301029995663981,-3.8454244861032016
137539329|P0DMS8,6.301029995663981,-4.225181322708747
11099480|P0DMS8,2.0,-4.955625708245542
11220599|P0DMS8,2.0,-1.615132460703521
10518133|P0DMS8,2.0,-5.614574189004253
15124057|P0DMS8,2.0,0.5296894506528493
137539564|P0DMS8,7.1249387366083,-4.335911483307645
11730467|P0DMS8,2.0,-0.5914546965418723
46885027|P0DMS8,2.0,-0.3988481362881544
151746871|P0DMS8,6.301029995663981,-4.009299275644907
153637730|P0DMS8,6.301029995663981,-4.0257281703989385
142540253|P0DMS8,6.301029995663981,-4.314577000125131
4797946|P0DMS8,2.0,0.3348720716359905
153637786|P0DMS8,7.1249387366083,-4.52097100635859
153637753|P0DMS8,6.301029995663981,-4.225706553966218
151675446|P0DMS8,6.522878745280337,-4.221575921419208
17863210|P0DMS8,6.585026652029182,-2.2954898120854614
146490978|P0DMS8,2.0,-6.332667783860441
9868793|P0DMS8,2.0,-1.5267630343967535
44462219|P0DMS8,2.0,-1.509018418485815
137539191|P0DMS8,8.0,-4.204908875984976
153637851|P0DMS8,6.301029995663981,-4.641033493525142
146299|P0DMS8,2.0,-5.161789780543568
137538569|P0DMS8,6.301029995663981,-4.157032999139292
153637892|P0DMS8,6.522878745280337,-4.462835125949373
164613241|P0DMS8,2.0,0.7175123103829742
25099115|P0DMS8,2.0,-0.8436884237836256
137539559|P0DMS8,7.1249387366083,-4.030619770737222
137539397|P0DMS8,6.301029995663981,-4.1225244490005295
44306876|P0DMS8,2.0,1.0878307158093405
68551|P0DMS8,2.0,-3.4860450677625767
10026300|P0DMS8,2.0,-2.025137675961534
5095|P0DMS8,2.0,-2.5806103506686062
15124064|P0DMS8,2.0,1.4653278823656977
146490639|P0DMS8,5.0,-4.860248817313452
11277680|P0DMS8,2.0,-0.876179039533532
145962202|P0DMS8,2.0,-6.7026393581584465
155210502|P0DMS8,2.0,-4.6888160076588505
146443751|P0DMS8,2.0,-5.8807078095968714
137539728|P0DMS8,6.301029995663981,-4.288685614149096
16104|P0DMS8,2.0,-2.45489870782806
146490628|P0DMS8,2.0,-6.4222725582986335
9947230|P0DMS8,2.0,-1.5595754949577048
10381889|P0DMS8,2.0,-1.5031520041194133
49864292|P0DMS8,2.0,-0.04332975667047589
16082831|P0DMS8,2.0,0.8870162756537155
5615|P0DMS8,2.0,-1.1188706050319697
44413202|P0DMS8,4.827981190575444,-6.480182365146322
160597|P0DMS8,2.0,-4.889980106705395
153637695|P0DMS8,7.1249387366083,-4.3677828199963775
153637832|P0DMS8,6.522878745280337,-4.3375113322926655
119570|P0DMS8,2.0,-2.6147581700224607
153637762|P0DMS8,6.301029995663981,-3.912346964628055
156022974|P0DMS8,2.0,-6.076029265936675
146490674|P0DMS8,2.0,-5.814339282588365
142427004|P0DMS8,6.982966660701219,-4.618460699298884
137539409|P0DMS8,6.301029995663981,-4.2142040248975965
142427011|P0DMS8,6.982966660701219,-3.990542209361045
442203|P0DMS8,2.0,-5.211731908816116
137538808|P0DMS8,6.301029995663981,-4.370376495119143
127046493|P0DMS8,2.0,-4.631885852758722
153637720|P0DMS8,6.301029995663981,-4.4393359113907875
46884856|P0DMS8,2.0,-1.0396123239645454
137539240|P0DMS8,7.1249387366083,-4.341681474299567
146491094|P0DMS8,2.0,-5.536454747646531
20070445|P0DMS8,2.0,0.12320724547282756
146490861|P0DMS8,5.0,-4.82143993136936
142540098|P0DMS8,6.301029995663981,-4.197242914982426
137539305|P0DMS8,6.301029995663981,-4.2222869447894205
137539000|P0DMS8,6.301029995663981,-4.402878938840775
153637687|P0DMS8,7.1249387366083,-4.246562418640406
46175652|P0DMS8,2.0,-6.890714594354595
153637707|P0DMS8,6.301029995663981,-4.314279672207257
16037920|P0DMS8,4.911509529817604,-5.166503727040224
153637666|P0DMS8,6.301029995663981,-4.252058492912676
44631910|P0DMS8,5.0,-6.417716287021066
4946|P0DMS8,5.299988937677887,4.307905247712327
137538958|P0DMS8,7.1249387366083,-4.21439182280592
46885213|P0DMS8,2.0,-0.4949994890070431
13891896|P0DMS8,2.0,-4.641655197399925
137539229|P0DMS8,6.522878745280337,-4.0731654866803115
10385855|P0DMS8,2.0,1.9658031034590469
142426965|P0DMS8,8.698970004336019,-5.011859576540977
149839126|P0DMS8,7.1249387366083,-4.402779495645275
146490828|P0DMS8,2.0,-5.743151292269966
146490647|P0DMS8,2.0,-5.1726478194816154
15124065|P0DMS8,2.0,1.3446243772112396
163408069|P0DMS8,7.1249387366083,-4.271339069851476
153637827|P0DMS8,7.1249387366083,-4.271339069851476
153637805|P0DMS8,6.301029995663981,-4.126908032605632
137539592|P0DMS8,6.301029995663981,-4.389739514159109
153637662|P0DMS8,6.522878745280337,-4.20751180262679
18180076|P0DMS8,2.0,0.9369814684379356
137538729|P0DMS8,7.1249387366083,-4.327552228497513
142540213|P0DMS8,6.301029995663981,-4.3269345197230935
46830335|P0DMS8,2.0,-0.5256329207089484
11580039|P0DMS8,2.0,-0.7711553886752999
152409252|P0DMS8,6.522878745280337,-4.229577197478585
152121487|P0DMS8,6.301029995663981,-4.274893559221606
149731152|P0DMS8,6.301029995663981,-4.366655887534991
146490626|P0DMS8,2.0,-6.425992867439096
146490645|P0DMS8,2.0,-5.36737353997162
137539482|P0DMS8,6.301029995663981,-4.702006559970492
44342270|P0DMS8,2.0,-1.0704901232189834
146490649|P0DMS8,2.0,-6.054554884109299
4585|P0DMS8,2.0,-2.2483703907758694
11299968|P0DMS8,2.0,-1.7234745907438052
137538707|P0DMS8,6.301029995663981,-4.321028186272721
153637815|P0DMS8,6.301029995663981,-4.155375031255955
142540187|P0DMS8,7.1249387366083,-4.536415399657874
11357862|P0DMS8,2.0,0.10225890299373981
49836386|P0DMS8,2.0,-0.7685937586133242
150351504|P0DMS8,6.301029995663981,-4.122884763002001
13477989|P0DMS8,2.0,1.6098320635494725
137539351|P0DMS8,7.1249387366083,-4.352287299435178
151664222|P0DMS8,6.301029995663981,-4.1837852191135765
149747008|P0DMS8,6.301029995663981,-4.222054158972409
44304314|P0DMS8,2.0,-1.5087282846462515
146490633|P0DMS8,2.0,-5.298425640468931
151424138|P0DMS8,6.522878745280337,-4.832586122901356
137539510|P0DMS8,7.522878745280337,-4.8934827344679634
10288197|P0DMS8,5.816730156317195,-5.1807960249362415
52941478|P0DMS8,2.0,-5.538713087801601
151991053|P0DMS8,6.301029995663981,-3.9045042937388437
137539494|P0DMS8,6.522878745280337,-4.235895695887058
142540244|P0DMS8,6.301029995663981,-4.801361414487082
146490623|P0DMS8,2.0,-6.03743120389656
11973780|P0DMS8,2.0,1.4979773415043323
10398787|P0DMS8,2.0,1.6580023841618992
137538815|P0DMS8,6.301029995663981,-4.009481675490809
146490865|P0DMS8,2.0,-5.061719407769937
137539398|P0DMS8,7.522878745280337,-4.134222315650973
150519134|P0DMS8,7.1249387366083,-3.9493995715071177
10825736|P0DMS8,2.0,-6.010509850425347
153637741|P0DMS8,6.301029995663981,-4.21890948767717
2995|P0DMS8,2.0,-0.8842566341721538
44306637|P0DMS8,2.0,1.1976594743429536
9848518|P0DMS8,2.0,-3.334894297187475
15124063|P0DMS8,2.0,1.1299949648133563
162779484|P0DMS8,6.522878745280337,-4.553710195802944
152186108|P0DMS8,6.522878745280337,-4.088629902037363
142540223|P0DMS8,6.301029995663981,-4.388130600660514
142427013|P0DMS8,6.982966660701219,-3.8249501904300782
153637846|P0DMS8,6.301029995663981,-4.279419279040149
137644879|P0DMS8,2.0,0.5637805920310499
153637826|P0DMS8,6.301029995663981,-4.388130600660514
49864722|P0DMS8,2.0,0.6103903317650373
3038495|P0DMS8,2.0,-0.7371699281482675
150485018|P0DMS8,6.301029995663981,-4.346108331083149
3496768|P0DMS8,2.0,-5.034614276279671
44251387|P0DMS8,2.0,-0.14380219599271288
163408071|P0DMS8,7.1249387366083,-4.398174058104203
10596380|P0DMS8,2.0,-1.7062728847489261
153637821|P0DMS8,7.1249387366083,-4.398174058104203
137539657|P0DMS8,6.522878745280337,-4.444998133165092
153637838|P0DMS8,6.301029995663981,-4.457078330027844
137539347|P0DMS8,6.301029995663981,-4.388001561664683
142540173|P0DMS8,6.301029995663981,-3.965519555853892
137539301|P0DMS8,6.301029995663981,-4.57965611354592
25230881|P0DMS8,6.885055584287415,-4.939004968575673
153637684|P0DMS8,6.301029995663981,-4.303225744693802
68405874|P0DMS8,2.0,-5.718027428635785
46884818|P0DMS8,2.0,-0.8308361343107831
149829430|P0DMS8,7.522878745280337,-4.761772183994381
10732779|P0DMS8,2.0,-5.614574189004253
153637858|P0DMS8,7.1249387366083,-4.144590322465168
45487384|P0DMS8,2.0,1.7375930515146696
11794523|P0DMS8,2.0,-2.3504392016002895
142540473|P0DMS8,6.301029995663981,-4.138237434375056
57970238|P0DMS8,2.0,0.650604045849266
21186192|P0DMS8,2.0,0.8673233899238814
6466372|P0DMS8,2.0,-0.0839247105471344
152123874|P0DMS8,6.301029995663981,-4.912631869306874
146490860|P0DMS8,2.0,-4.9324462292599405
153637779|P0DMS8,6.301029995663981,-3.9299632736076076
153637710|P0DMS8,6.301029995663981,-4.477301471457145
137538901|P0DMS8,7.522878745280337,-4.529181542076152
44447994|P0DMS8,2.0,-5.0539182867296235
146490832|P0DMS8,2.0,-5.234839332400361
11209208|P0DMS8,2.0,-3.020998337166854
146443662|P0DMS8,2.0,-6.215092963454539
153637836|P0DMS8,6.301029995663981,-4.174697221861462
10907460|P0DMS8,5.609064892896621,-1.7144158452396914
67548392|P0DMS8,2.0,-6.378370077378727
127034966|P0DMS8,5.299988937677887,-0.5886128678806134
44345317|P0DMS8,2.0,-1.052250886468246
10238677|P0DMS8,6.073657553374345,-5.652257809673751
150353293|P0DMS8,6.301029995663981,-4.685653980269819
153637709|P0DMS8,6.301029995663981,-4.231881793444345
4992|P0DMS8,2.0,-0.5776079171002311
146490634|P0DMS8,2.0,-5.854163021397317
146490876|P0DMS8,5.0,-5.894090784628205
44413096|P0DMS8,4.722390785695909,-5.48230345401172
137539362|P0DMS8,6.301029995663981,-4.783323805634544
151604290|P0DMS8,7.1249387366083,-4.5363474541674345
68379135|P0DMS8,2.0,-2.6084042653178714
5265|P0DMS8,2.0,0.2235861500831416
12128801|P0DMS8,8.67778070526608,-4.322273339381139
443391|P0DMS8,2.0,-2.6260497111615324
3559|P0DMS8,2.0,-0.8173711478898098
137539338|P0DMS8,6.301029995663981,-4.3535199871049395
45109862|P0DMS8,2.0,0.8128186162914729
146490640|P0DMS8,5.0,-4.732320112959537
51003551|P0DMS8,2.0,0.07015628917091589
5355|P0DMS8,2.0,-0.6058772856054784
142540499|P0DMS8,7.1249387366083,-4.271709229893302
60795|P0DMS8,2.0,-0.7890340994202046
137539546|P0DMS8,6.301029995663981,-4.191443614603526
153637750|P0DMS8,6.301029995663981,-4.177295917401166
137539674|P0DMS8,6.301029995663981,-4.261102650810089
153637875|P0DMS8,6.301029995663981,-3.8844686836180737
142540146|P0DMS8,6.301029995663981,-4.2313960381126305
137539262|P0DMS8,6.301029995663981,-3.9418300716024985
132607373|P0DMS8,2.0,0.5655473877677984
3033769|P0DMS8,2.0,-0.9508348220637577
142426991|P0DMS8,6.982966660701219,-4.492263436315567
137539278|P0DMS8,6.301029995663981,-4.051143610896775
146490652|P0DMS8,2.0,-6.406780121665358
137539065|P0DMS8,7.522878745280337,-3.90276252170634
146490646|P0DMS8,5.0,-4.3581440665996665
146490857|P0DMS8,2.0,-4.806629918005453
151102361|P0DMS8,6.301029995663981,-4.703913633574322
44251388|P0DMS8,2.0,-0.045795374528608684
15124062|P0DMS8,2.0,1.8468297416164732
46240228|P0DMS8,2.0,-5.548554594343461
137539656|P0DMS8,7.1249387366083,-4.341681474299567
46238686|P0DMS8,2.0,-5.340433129981682
137653821|P0DMS8,2.0,0.6025089409223994
153637845|P0DMS8,7.1249387366083,-4.246562418640406
46842383|P0DMS8,2.0,-0.9288391361855838
2769|P0DMS8,2.0,-1.684832898614644
137538578|P0DMS8,6.301029995663981,-3.999833149201984
10400783|P0DMS8,2.0,-6.010509850425347
6448585|P0DMS8,2.0,-4.3623502009490345
137539417|P0DMS8,6.301029995663981,-4.627340413094708
137539590|P0DMS8,6.301029995663981,-4.182682355975383
152333305|P0DMS8,6.522878745280337,-4.286880204924896
15124068|P0DMS8,2.0,0.31050922215278093
142540385|P0DMS8,7.1249387366083,-4.439788022367013
142540160|P0DMS8,6.301029995663981,-4.177769634941602
137538676|P0DMS8,6.301029995663981,-4.1420820117467105
146490903|P0DMS8,2.0,-5.957549961379181
137539501|P0DMS8,6.301029995663981,-3.979749030808806
25207803|P0DMS8,7.640164517660112,-5.003759199049899
137539342|P0DMS8,7.1249387366083,-4.237121838014302
67548498|P0DMS8,2.0,-6.501042270906107
25230948|P0DMS8,7.428291168191312,-4.927772754121848
44318454|P0DMS8,2.0,-1.6604419802566528
11470616|P0DMS8,2.0,-1.170340106388072
44398808|P0DMS8,2.0,0.6827134209621644
137538548|P0DMS8,6.301029995663981,-4.0591839491807225
137539644|P0DMS8,6.301029995663981,-4.123436430522723
152083923|P0DMS8,6.301029995663981,-4.172958319066675
142540399|P0DMS8,6.301029995663981,-4.556248850341723
10288169|P0DMS8,5.680893940690224,-4.931096260065406
10450082|P0DMS8,2.0,-1.7778975097162373
153637891|P0DMS8,6.301029995663981,-4.210205719191448
146490827|P0DMS8,2.0,-5.918714954714152
150617787|P0DMS8,6.522878745280337,-4.17086935539074
153637679|P0DMS8,6.301029995663981,-3.993276619108376
3035523|P0DMS8,2.0,2.022970199634333
21186098|P0DMS8,2.0,0.5123913105420439
44259|P0DMS8,2.0,-2.211085276957771
137539292|P21917,2.0,3.0791786942686725
137539329|P21917,2.0,3.1809098312666495
11099480|P21917,2.0,7.413896679389587
11220599|P21917,2.0,1.8842755569411074
10518133|P21917,2.0,5.2810458725008305
15124057|P21917,2.0,1.1803205025250816
137539564|P21917,2.0,3.0951823559607385
11730467|P21917,6.552841968657781,4.370506705254055
46885027|P21917,5.0,2.3410002790093047
151746871|P21917,2.0,3.497955998786279
153637730|P21917,2.0,3.424058627898437
142540253|P21917,2.0,3.503722130018345
4797946|P21917,6.703334809738469,2.3759814300984794
153637786|P21917,2.0,3.2389512820123927
153637753|P21917,2.0,3.3050000608451215
151675446|P21917,2.0,3.2850722964695174
17863210|P21917,2.0,2.3787792395673826
146490978|P21917,2.0,3.534642306748951
9868793|P21917,5.957818405484233,0.5999728597253376
44462219|P21917,2.0,1.922112233168379
137539191|P21917,2.0,3.5018072118073316
153637851|P21917,2.0,3.04665595360814
146299|P21917,2.0,7.882851847210595
137538569|P21917,2.0,3.370949629343195
153637892|P21917,2.0,3.21473080605515
164613241|P21917,2.0,1.6657460612166624
25099115|P21917,2.0,2.3660677769571445
137539559|P21917,2.0,3.3995827835679786
137539397|P21917,2.0,3.8607923054388844
44306876|P21917,2.0,1.6334039577824624
68551|P21917,5.4800408192479315,6.904088935759693
10026300|P21917,6.823908740944319,10.70742856488547
5095|P21917,2.0,4.056492171956956
15124064|P21917,2.0,1.7703879696981095
146490639|P21917,2.0,3.420252506623539
11277680|P21917,2.0,2.8036680122582807
145962202|P21917,2.0,3.133528316039369
155210502|P21917,2.0,3.3708955771103013
146443751|P21917,2.0,3.853576059208269
137539728|P21917,2.0,3.2223012881837976
16104|P21917,6.958607314841775,13.471678011897636
146490628|P21917,2.0,3.5630489643282437
9947230|P21917,2.0,2.3980300573273685
10381889|P21917,8.585026652029182,4.922462476504553
49864292|P21917,5.0,3.1247875213126086
16082831|P21917,2.0,3.100106524652304
5615|P21917,8.187086643357144,2.8484025338136543
44413202|P21917,2.0,3.4889694247217142
160597|P21917,2.0,7.326434130188564
153637695|P21917,2.0,3.199683231214133
153637832|P21917,2.0,3.1890726250686465
119570|P21917,2.0,3.855968982473585
153637762|P21917,2.0,3.1150488321356873
156022974|P21917,2.0,3.3714687476682537
146490674|P21917,2.0,3.595474664838516
142427004|P21917,2.0,3.5252060893805
137539409|P21917,2.0,3.3634956421941853
142427011|P21917,2.0,3.503582178971701
442203|P21917,2.0,7.789987850783815
137538808|P21917,2.0,3.266158632881816
127046493|P21917,2.0,3.2625940592105827
153637720|P21917,2.0,3.235224225801316
46884856|P21917,5.0,2.0539334972337446
137539240|P21917,2.0,3.450644683653858
146491094|P21917,2.0,3.428671571458066
20070445|P21917,2.0,1.1587332274899833
146490861|P21917,2.0,3.4664321574770844
142540098|P21917,2.0,3.371290877321753
137539305|P21917,2.0,3.433567101818386
137539000|P21917,2.0,3.294990620752287
153637687|P21917,2.0,3.240536467556138
46175652|P21917,2.0,3.3521942598165473
153637707|P21917,2.0,3.2283496244528442
16037920|P21917,2.0,3.2477369807208594
153637666|P21917,2.0,3.4436785873000817
44631910|P21917,2.0,3.716577592024141
4946|P21917,2.0,1.5754291914546883
137538958|P21917,2.0,3.3437038105307497
46885213|P21917,5.42021640338319,2.6976503348896768
13891896|P21917,2.0,7.329351827632844
137539229|P21917,2.0,3.4009895201628524
10385855|P21917,2.0,1.0738440160854965
142426965|P21917,2.0,3.018269132647376
149839126|P21917,2.0,3.406546699029334
146490828|P21917,2.0,3.2861270202208366
146490647|P21917,2.0,3.18023295646105
15124065|P21917,2.0,1.5664444237890178
163408069|P21917,2.0,3.3841632938243196
153637827|P21917,2.0,3.3841632938243196
153637805|P21917,2.0,3.161523200138069
137539592|P21917,2.0,3.342467953989292
153637662|P21917,2.0,3.400938828456471
18180076|P21917,5.0,4.048958568106949
137538729|P21917,2.0,3.3173697276333463
142540213|P21917,2.0,3.3529695386780247
46830335|P21917,5.0,2.903837706366178
11580039|P21917,2.0,1.8260077738278437
152409252|P21917,2.0,3.2434410447970565
152121487|P21917,2.0,3.5663523822708396
149731152|P21917,2.0,3.189070024174203
146490626|P21917,2.0,3.6323659231688996
146490645|P21917,2.0,3.3601267758533866
137539482|P21917,2.0,3.2944565057465365
44342270|P21917,5.772113295386326,3.8316128649575716
146490649|P21917,2.0,3.3373215345026384
4585|P21917,6.761953896871205,9.861844414080789
11299968|P21917,2.0,1.8965335659351579
137538707|P21917,2.0,3.134478493415223
153637815|P21917,2.0,3.3350679174478715
142540187|P21917,2.0,3.3389937308287103
11357862|P21917,2.0,2.5459829834862777
49836386|P21917,2.0,1.3792230752124761
150351504|P21917,2.0,3.54166052724999
13477989|P21917,2.0,0.6442662676007792
137539351|P21917,2.0,3.013745206104228
151664222|P21917,2.0,3.2160172109120593
149747008|P21917,2.0,3.116821754273913
44304314|P21917,5.318758762624412,4.608780979614038
146490633|P21917,2.0,3.5132851775223557
151424138|P21917,2.0,3.6798327055398916
137539510|P21917,2.0,3.4936957522664414
10288197|P21917,2.0,2.8953863665353223
52941478|P21917,2.0,2.944852183015954
151991053|P21917,2.0,3.4908250161205068
137539494|P21917,2.0,3.450110377148268
142540244|P21917,2.0,3.322206445628735
146490623|P21917,2.0,3.7170532488232495
11973780|P21917,2.0,3.052816798039034
10398787|P21917,2.0,1.351973438974087
137538815|P21917,2.0,3.4029248745558562
146490865|P21917,2.0,3.296563443419911
137539398|P21917,2.0,3.3457982913800377
150519134|P21917,2.0,3.3058160863600152
10825736|P21917,2.0,4.385225185089804
153637741|P21917,2.0,3.1560491692732326
2995|P21917,2.0,0.008791720447936836
44306637|P21917,2.0,0.45405757060418706
9848518|P21917,2.0,2.098643904054754
15124063|P21917,2.0,2.020996819675341
162779484|P21917,2.0,3.299398488401835
152186108|P21917,2.0,3.455074439262221
142540223|P21917,2.0,3.37707362211871
142427013|P21917,2.0,3.1032410275726012
153637846|P21917,2.0,3.4555753623409573
137644879|P21917,2.0,1.1384745635355178
153637826|P21917,2.0,3.37707362211871
49864722|P21917,5.0,3.3147406070584373
3038495|P21917,2.0,2.201918064305056
150485018|P21917,2.0,3.4716920695074442
3496768|P21917,2.0,7.54421133953084
44251387|P21917,5.0,2.340513672129007
163408071|P21917,2.0,3.32689377789397
10596380|P21917,6.0,9.917271753847723
153637821|P21917,2.0,3.32689377789397
137539657|P21917,2.0,3.1567869906277486
153637838|P21917,2.0,3.1429043644109327
137539347|P21917,2.0,3.3968259718112703
142540173|P21917,2.0,3.330548331183929
137539301|P21917,2.0,3.2021806679661893
25230881|P21917,2.0,3.195140748509353
153637684|P21917,2.0,3.6304496968423665
68405874|P21917,2.0,3.365008119402318
46884818|P21917,5.0,1.9941080093442103
149829430|P21917,2.0,3.417308113147224
10732779|P21917,2.0,5.2810458725008305
153637858|P21917,2.0,3.5599900608689725
45487384|P21917,2.0,2.476554443337905
11794523|P21917,2.0,5.633302243235959
142540473|P21917,2.0,3.4945894133942703
57970238|P21917,2.0,1.9980513061884397
21186192|P21917,8.096910013008056,4.183007536503379
6466372|P21917,6.481486060122113,3.4169277266927898
152123874|P21917,2.0,3.3504682270376103
146490860|P21917,2.0,3.6703532649610775
153637779|P21917,2.0,3.5492789075037825
153637710|P21917,2.0,3.2794014448181414
137538901|P21917,2.0,3.004003172337675
44447994|P21917,2.0,7.530397105839943
146490832|P21917,2.0,3.3681477876181347
11209208|P21917,2.0,1.5676472478739154
146443662|P21917,2.0,3.8783919148678323
153637836|P21917,2.0,3.013362196683507
10907460|P21917,2.0,5.596190536700003
67548392|P21917,2.0,3.7573373676056456
127034966|P21917,2.0,2.0991098986214864
44345317|P21917,6.0,4.436476635326022
10238677|P21917,2.0,3.7071425467599344
150353293|P21917,2.0,3.1699031753183413
153637709|P21917,2.0,3.1368579737294215
4992|P21917,2.0,2.4188063447061285
146490634|P21917,2.0,3.842047372283096
146490876|P21917,2.0,3.8347498987068054
44413096|P21917,2.0,3.602269873036965
137539362|P21917,2.0,3.3558921238141393
151604290|P21917,2.0,3.351187030670144
68379135|P21917,2.0,1.7868865198626673
5265|P21917,2.0,3.2404226159652953
12128801|P21917,2.0,3.2376051118130404
443391|P21917,6.0,2.2678366676934867
3559|P21917,8.259637310505756,0.4669263199168941
137539338|P21917,2.0,3.448348754265093
45109862|P21917,5.734003629504921,3.8777546363942528
146490640|P21917,2.0,3.5235996392221187
51003551|P21917,5.257903597696756,2.763528679593553
5355|P21917,2.0,2.6988890482666257
142540499|P21917,2.0,3.310051352438251
60795|P21917,2.0,3.679806943843893
137539546|P21917,2.0,3.3782260024820636
153637750|P21917,2.0,3.247237370523291
137539674|P21917,2.0,3.199499247916039
153637875|P21917,2.0,3.382142994650522
142540146|P21917,2.0,3.1935533955187907
137539262|P21917,2.0,3.274208975694431
132607373|P21917,2.0,2.684547543834456
3033769|P21917,2.0,3.1637439726303422
142426991|P21917,2.0,3.4365633784132252
137539278|P21917,2.0,3.544091103035403
146490652|P21917,2.0,3.820941562693668
137539065|P21917,2.0,3.1364999752262794
146490646|P21917,2.0,3.5041917858932363
146490857|P21917,2.0,3.530256132616312
151102361|P21917,2.0,2.888069381683468
44251388|P21917,5.0,1.7029992254961772
15124062|P21917,2.0,1.5095700922098965
46240228|P21917,2.0,3.239678071763613
137539656|P21917,2.0,3.450644683653858
46238686|P21917,2.0,3.287630010382982
137653821|P21917,2.0,2.06472703386747
153637845|P21917,2.0,3.240536467556138
46842383|P21917,5.0,1.5989448098192847
2769|P21917,2.0,2.133908945698056
137538578|P21917,2.0,3.291891837411381
10400783|P21917,2.0,4.385225185089804
6448585|P21917,2.0,2.715913754733399
137539417|P21917,2.0,3.1332463557463046
137539590|P21917,2.0,3.3337989607327545
152333305|P21917,2.0,3.5043133083067097
15124068|P21917,2.0,1.4914652020880288
142540385|P21917,2.0,3.3695901463503284
142540160|P21917,2.0,3.5406213257771584
137538676|P21917,2.0,3.4708230291275313
146490903|P21917,2.0,3.594648233340221
137539501|P21917,2.0,3.4985860849134536
25207803|P21917,2.0,3.20423842818269
137539342|P21917,2.0,3.3491400737207653
67548498|P21917,2.0,3.5088256184220414
25230948|P21917,2.0,3.2056680284104897
44318454|P21917,7.853871964321762,4.057638984581983
11470616|P21917,2.0,1.678268109654486
44398808|P21917,2.0,1.2544115401581544
137538548|P21917,2.0,3.2777002844929326
137539644|P21917,2.0,3.446764999048248
152083923|P21917,2.0,3.3198755375847546
142540399|P21917,2.0,3.093533806685696
10288169|P21917,2.0,3.3583639499595153
10450082|P21917,7.698970004336019,5.595729570746032
153637891|P21917,2.0,3.3251020603347348
146490827|P21917,2.0,3.6377159751755594
150617787|P21917,2.0,3.2693284572903534
153637679|P21917,2.0,3.3873427782296615
3035523|P21917,2.0,0.8681086123140843
21186098|P21917,8.096910013008056,3.716752991131796
44259|P21917,2.0,2.9469358964357824
137539292|Q95136,2.0,2.1057939701040898
137539329|Q95136,2.0,2.0656864444091925
11099480|Q95136,2.0,-1.454735905188242
11220599|Q95136,2.0,1.4316527694600967
10518133|Q95136,2.0,-1.577806410968376
15124057|Q95136,2.0,1.6479378299031409
137539564|Q95136,2.0,2.119774838442089
11730467|Q95136,2.0,0.4747798418785002
46885027|Q95136,2.0,1.8110988020532959
151746871|Q95136,2.0,2.0935569827552216
153637730|Q95136,2.0,2.0744492418495373
142540253|Q95136,2.0,1.9787601216112674
4797946|Q95136,2.0,1.6934822838856238
153637786|Q95136,2.0,2.0500879757283648
153637753|Q95136,2.0,2.037500353457953
151675446|Q95136,2.0,2.1011380947172666
17863210|Q95136,2.0,2.1791992570754593
146490978|Q95136,2.0,1.9129073553460478
9868793|Q95136,2.0,1.6037406398067602
44462219|Q95136,2.0,2.23912821541486
137539191|Q95136,2.0,1.9743861423518043
153637851|Q95136,2.0,2.1757521244888114
146299|Q95136,2.0,-0.7624845486261114
137538569|Q95136,2.0,2.0010672435820918
153637892|Q95136,2.0,2.038946286467696
164613241|Q95136,2.0,1.6834637146530158
25099115|Q95136,2.0,1.5015757472228288
137539559|Q95136,2.0,2.1893746763694044
137539397|Q95136,2.0,1.8702171944977317
44306876|Q95136,2.0,1.8760016808125766
68551|Q95136,2.0,0.8038533313452904
10026300|Q95136,2.0,0.46153580977762987
5095|Q95136,2.0,0.017133411689270645
15124064|Q95136,2.0,1.913460100813879
146490639|Q95136,2.0,2.0611486435427233
11277680|Q95136,2.0,1.5236772647452186
145962202|Q95136,2.0,2.0961769371533676
155210502|Q95136,2.0,1.7626911971139105
146443751|Q95136,2.0,2.014332506879913
137539728|Q95136,2.0,2.1754078310026643
16104|Q95136,2.0,1.0502247031132779
146490628|Q95136,2.0,1.7936785169694018
9947230|Q95136,2.0,1.891302152757287
10381889|Q95136,2.0,1.1198422641770982
49864292|Q95136,2.0,1.7321312234320967
16082831|Q95136,2.0,1.3649201460952638
5615|Q95136,2.0,1.589832338642366
44413202|Q95136,2.0,1.6664438711913123
160597|Q95136,2.0,-1.4494128299150215
153637695|Q95136,2.0,2.076921010006826
153637832|Q95136,2.0,2.100240049407578
119570|Q95136,2.0,-0.43216834461211145
153637762|Q95136,2.0,2.1157617104057778
156022974|Q95136,2.0,1.879131894566619
146490674|Q95136,2.0,1.8266458816055358
142427004|Q95136,2.0,2.1349382511747614
137539409|Q95136,2.0,2.11781589901634
142427011|Q95136,2.0,2.1116527890771764
442203|Q95136,2.0,-0.8351829819414704
137538808|Q95136,2.0,2.013709042095468
127046493|Q95136,2.0,1.77235720464875
153637720|Q95136,2.0,2.1141687137969103
46884856|Q95136,2.0,1.2424216662528953
137539240|Q95136,2.0,2.0293406772680673
146491094|Q95136,2.0,1.8439927700838132
20070445|Q95136,2.0,1.846921992489138
146490861|Q95136,2.0,2.030375902886539
142540098|Q95136,2.0,2.132955179727052
137539305|Q95136,2.0,2.087389641813261
137539000|Q95136,2.0,2.078331362726539
153637687|Q95136,2.0,2.0557647073201832
46175652|Q95136,2.0,1.9300207554769946
153637707|Q95136,2.0,2.0724223976936633
16037920|Q95136,2.0,2.057611258838719
153637666|Q95136,2.0,2.0391859706164324
44631910|Q95136,2.0,1.997462489102306
4946|Q95136,2.0,2.0598990351731805
137538958|Q95136,2.0,2.137901714928675
46885213|Q95136,2.0,1.5970264339511364
13891896|Q95136,2.0,-0.7749540215648163
137539229|Q95136,2.0,2.0665400899735986
10385855|Q95136,2.0,0.9230304556274264
142426965|Q95136,2.0,2.0564998777344665
149839126|Q95136,2.0,2.103851746200539
146490828|Q95136,2.0,2.2014151346041504
146490647|Q95136,2.0,1.9278451491667987
15124065|Q95136,2.0,1.9251934027313802
163408069|Q95136,2.0,2.1675566508498036
153637827|Q95136,2.0,2.1675566508498036
153637805|Q95136,2.0,2.0950027370821362
137539592|Q95136,2.0,2.119329830433614
153637662|Q95136,2.0,2.0366666356308936
18180076|Q95136,2.0,1.88986390691955
137538729|Q95136,2.0,2.1274129979296594
142540213|Q95136,2.0,2.171001559654402
46830335|Q95136,2.0,1.5941974557733714
11580039|Q95136,2.0,1.5791652630306385
152409252|Q95136,2.0,1.8813079335954843
152121487|Q95136,2.0,2.0745389684880933
149731152|Q95136,2.0,2.1311787756273675
146490626|Q95136,2.0,2.027279493091374
146490645|Q95136,2.0,2.0738540846464497
137539482|Q95136,2.0,2.0227571423799615
44342270|Q95136,2.0,1.8883379716480144
146490649|Q95136,2.0,1.909994358502533
4585|Q95136,2.0,1.335028630191354
11299968|Q95136,2.0,1.2204105415890074
137538707|Q95136,2.0,2.200551112305489
153637815|Q95136,2.0,2.1066392730094714
142540187|Q95136,2.0,2.189529357681931
11357862|Q95136,2.0,1.9795425820615031
49836386|Q95136,2.0,1.614648740316561
150351504|Q95136,2.0,2.122348590726625
13477989|Q95136,2.0,2.1299258839484803
137539351|Q95136,2.0,2.0883177339589185
151664222|Q95136,2.0,1.9461261403375854
149747008|Q95136,2.0,2.1316204806594334
44304314|Q95136,2.0,1.1374317715092237
146490633|Q95136,2.0,2.0268006088133443
151424138|Q95136,2.0,1.712079688681686
137539510|Q95136,2.0,1.810500359197834
10288197|Q95136,2.0,2.109581808970508
52941478|Q95136,2.0,1.8445921387744917
151991053|Q95136,2.0,2.1380908679069
137539494|Q95136,2.0,1.9846751653336592
142540244|Q95136,2.0,1.9587158388294132
146490623|Q95136,2.0,1.7741409723651214
11973780|Q95136,2.0,1.6377327191158628
10398787|Q95136,2.0,2.0161989552190698
137538815|Q95136,2.0,2.0666113830505703
146490865|Q95136,2.0,1.9538301165301564
137539398|Q95136,2.0,2.127321622265703
150519134|Q95136,2.0,2.2051542453373667
10825736|Q95136,2.0,-1.039051506747177
153637741|Q95136,2.0,2.0963060326753156
2995|Q95136,2.0,0.4845205840565861
44306637|Q95136,2.0,1.8536601359662161
9848518|Q95136,2.0,1.9576569270125854
15124063|Q95136,2.0,1.8087515151785407
162779484|Q95136,2.0,1.8936256970749232
152186108|Q95136,2.0,2.202711910789954
142540223|Q95136,2.0,2.0836700634948677
142427013|Q95136,2.0,2.2435674386746065
153637846|Q95136,2.0,2.0524608925490853
137644879|Q95136,2.0,1.5808484388688897
153637826|Q95136,2.0,2.0836700634948677
49864722|Q95136,2.0,1.7623195791492003
3038495|Q95136,2.0,1.540138068928956
150485018|Q95136,2.0,2.03850404544458
3496768|Q95136,2.0,-1.9110635194350878
44251387|Q95136,2.0,1.7400026332270342
163408071|Q95136,2.0,2.1411426092269585
10596380|Q95136,2.0,0.5241220110902415
153637821|Q95136,2.0,2.1411426092269585
137539657|Q95136,2.0,2.060545025414499
153637838|Q95136,2.0,2.0707169990240426
137539347|Q95136,2.0,2.119744027739075
142540173|Q95136,2.0,2.2095971780161925
137539301|Q95136,2.0,2.024895446826378
25230881|Q95136,2.0,1.8362513094259907
153637684|Q95136,2.0,1.952929363119888
68405874|Q95136,2.0,1.8964239604431778
46884818|Q95136,2.0,1.4388263462624709
149829430|Q95136,2.0,1.9442188228607804
10732779|Q95136,2.0,-1.577806410968376
153637858|Q95136,2.0,2.0648952295633016
45487384|Q95136,2.0,1.6090231418137282
11794523|Q95136,2.0,-0.6691674439709377
142540473|Q95136,2.0,1.9951734604475213
57970238|Q95136,2.0,1.9370882368121125
21186192|Q95136,2.0,1.6934728541623276
6466372|Q95136,2.0,1.3459821796769018
152123874|Q95136,2.0,1.7803907246875266
146490860|Q95136,2.0,2.045930968479889
153637779|Q95136,2.0,2.092100215976819
153637710|Q95136,2.0,1.9572802835291636
137538901|Q95136,2.0,2.1315797349718935
44447994|Q95136,2.0,-1.9203514612050976
146490832|Q95136,2.0,1.9518057416918284
11209208|Q95136,2.0,1.0322549918636863
146443662|Q95136,2.0,2.0410814158516373
153637836|Q95136,2.0,2.119420360571578
10907460|Q95136,2.0,0.6514911187786155
67548392|Q95136,2.0,1.7716998872165792
127034966|Q95136,2.0,1.783492571107197
44345317|Q95136,2.0,1.1285450453833117
10238677|Q95136,2.0,2.0169585158522105
150353293|Q95136,2.0,2.0089466904586035
153637709|Q95136,2.0,2.2224408242667466
4992|Q95136,2.0,1.5624310273627118
146490634|Q95136,2.0,2.0329724956702617
146490876|Q95136,2.0,2.028455963344486
44413096|Q95136,2.0,2.0901454983438508
137539362|Q95136,2.0,1.9739860107480507
151604290|Q95136,2.0,2.1032428470548297
68379135|Q95136,2.0,1.3802618512283973
5265|Q95136,2.0,1.9739323506339528
12128801|Q95136,2.0,2.0413774957896913
443391|Q95136,2.0,1.5400641723131
3559|Q95136,2.0,2.677872202233781
137539338|Q95136,2.0,2.131257992747032
45109862|Q95136,2.0,1.8567931326270577
146490640|Q95136,2.0,2.0288748974541857
51003551|Q95136,2.0,1.6201325074283364
5355|Q95136,2.0,1.7607912017188854
142540499|Q95136,2.0,2.186851697114878
60795|Q95136,2.0,0.6545869797957261
137539546|Q95136,2.0,2.1064928313941285
153637750|Q95136,2.0,2.1534323638271426
137539674|Q95136,2.0,2.0834391423908705
153637875|Q95136,2.0,2.140022193686738
142540146|Q95136,2.0,2.0563787759599372
137539262|Q95136,2.0,2.131246063833857
132607373|Q95136,2.0,1.6202369505041363
3033769|Q95136,2.0,1.6226919629488608
142426991|Q95136,2.0,2.106409756252142
137539278|Q95136,2.0,1.9499651497069197
146490652|Q95136,2.0,1.6485392233064051
137539065|Q95136,2.0,2.14873070105304
146490646|Q95136,2.0,2.0067035726422895
146490857|Q95136,2.0,2.0431198405175
151102361|Q95136,2.0,1.9220934906267373
44251388|Q95136,2.0,1.8649877185560593
15124062|Q95136,2.0,2.1731964542738336
46240228|Q95136,2.0,2.111809405809826
137539656|Q95136,2.0,2.0293406772680673
46238686|Q95136,2.0,2.2184259696427384
137653821|Q95136,2.0,1.9661971482317022
153637845|Q95136,2.0,2.0557647073201832
46842383|Q95136,2.0,1.6191058314890803
2769|Q95136,2.0,1.4140262195119266
137538578|Q95136,2.0,2.095219659095012
10400783|Q95136,2.0,-1.039051506747177
6448585|Q95136,2.0,1.5855627759897568
137539417|Q95136,2.0,2.060370608488039
137539590|Q95136,2.0,2.1397622570843677
152333305|Q95136,2.0,1.995424400346591
15124068|Q95136,2.0,1.7121263003429805
142540385|Q95136,2.0,2.137846911951004
142540160|Q95136,2.0,2.017357721504189
137538676|Q95136,2.0,2.1240504688075363
146490903|Q95136,2.0,1.8109996282273877
137539501|Q95136,2.0,2.075209118723869
25207803|Q95136,2.0,1.8568483131208962
137539342|Q95136,2.0,2.120552862983816
67548498|Q95136,2.0,1.9587815977074499
25230948|Q95136,2.0,1.8540882307920712
44318454|Q95136,2.0,1.1557046090236618
11470616|Q95136,2.0,1.3393650073664018
44398808|Q95136,2.0,1.7622389614689173
137538548|Q95136,2.0,2.176427477555934
137539644|Q95136,2.0,2.0047850502669555
152083923|Q95136,2.0,2.058265874414851
142540399|Q95136,2.0,2.0433996439516036
10288169|Q95136,2.0,2.136623329879384
10450082|Q95136,2.0,0.8480667995403249
153637891|Q95136,2.0,2.054081353825028
146490827|Q95136,2.0,2.0542211378991047
150617787|Q95136,2.0,1.805422471171173
153637679|Q95136,2.0,2.0988042598544245
3035523|Q95136,2.0,2.1614253382853255
21186098|Q95136,2.0,1.6631761406903336
44259|Q95136,2.0,1.343314428691118
137539292|Q60612,2.0,4.07928559184143
137539329|Q60612,2.0,4.13764317523927
11099480|Q60612,2.0,1.8389270374735447
11220599|Q60612,2.0,1.0012974126924945
10518133|Q60612,2.0,1.921552608061016
15124057|Q60612,2.0,2.676689032070042
137539564|Q60612,2.0,4.115046530879096
11730467|Q60612,2.0,1.7968915041063398
46885027|Q60612,2.0,2.484548965138177
151746871|Q60612,2.0,4.386307553887284
153637730|Q60612,2.0,4.096107351687946
142540253|Q60612,2.0,4.0675880654309955
4797946|Q60612,2.0,1.9380834749007452
153637786|Q60612,2.0,4.224252883350468
153637753|Q60612,2.0,4.180957719621437
151675446|Q60612,2.0,4.205264758594304
17863210|Q60612,2.0,3.681162395685698
146490978|Q60612,2.0,5.156402201114831
9868793|Q60612,2.0,1.279311026718214
44462219|Q60612,2.0,2.3623950637317397
137539191|Q60612,2.0,3.832440138424215
153637851|Q60612,2.0,4.538199211762687
146299|Q60612,2.0,1.8768860673534598
137538569|Q60612,2.0,4.106262492185502
153637892|Q60612,2.0,4.412855845363495
164613241|Q60612,2.0,1.9092909132121998
25099115|Q60612,2.0,2.267589865290333
137539559|Q60612,2.0,4.414547648605348
137539397|Q60612,2.0,4.095901671832703
44306876|Q60612,2.0,1.8758915902937165
68551|Q60612,2.0,1.8654782951478892
10026300|Q60612,2.0,1.6545158175392105
5095|Q60612,2.0,1.689827646938622
15124064|Q60612,2.0,1.9185977895128807
146490639|Q60612,2.0,4.868561270397495
11277680|Q60612,2.0,2.0354353544852
145962202|Q60612,2.0,4.709432287087286
155210502|Q60612,2.0,4.344750246520177
146443751|Q60612,2.0,5.192478189292649
137539728|Q60612,2.0,4.519850800110075
16104|Q60612,2.0,1.9520115770075888
146490628|Q60612,2.0,4.689903514873171
9947230|Q60612,2.0,2.35751502042985
10381889|Q60612,2.0,2.1134682751091933
49864292|Q60612,2.0,2.0508532361358167
16082831|Q60612,2.0,1.9538594994127094
5615|Q60612,2.0,1.704838246274032
44413202|Q60612,2.0,4.167005856672867
160597|Q60612,2.0,1.8085020256234638
153637695|Q60612,2.0,4.179825885683303
153637832|Q60612,2.0,4.132258586853184
119570|Q60612,2.0,2.1391549289935545
153637762|Q60612,2.0,4.139852405591064
156022974|Q60612,2.0,4.9416153185262734
146490674|Q60612,2.0,4.925424495752928
142427004|Q60612,2.0,4.380775295171467
137539409|Q60612,2.0,4.242406707718671
142427011|Q60612,2.0,5.1642741460432084
442203|Q60612,2.0,1.8774137083352038
137538808|Q60612,2.0,4.180809862318224
127046493|Q60612,2.0,5.557726573542919
153637720|Q60612,2.0,4.201062895684732
46884856|Q60612,2.0,1.2619229921359743
137539240|Q60612,2.0,4.135371068085509
146491094|Q60612,2.0,4.895608941875159
20070445|Q60612,2.0,1.6316324993942424
146490861|Q60612,2.0,4.916947821257657
142540098|Q60612,2.0,4.265067182761212
137539305|Q60612,2.0,4.193731489116537
137539000|Q60612,2.0,4.216427737102219
153637687|Q60612,2.0,4.167474677456051
46175652|Q60612,2.0,5.025967115125225
153637707|Q60612,2.0,4.154025904835601
16037920|Q60612,2.0,4.112595656016042
153637666|Q60612,2.0,4.034589139240885
44631910|Q60612,2.0,5.204836688744203
4946|Q60612,2.0,4.419542930153606
137538958|Q60612,2.0,4.438623376811437
46885213|Q60612,2.0,2.2274798104713667
13891896|Q60612,2.0,1.8071303949627722
137539229|Q60612,2.0,4.2133671877777275
10385855|Q60612,2.0,2.010262885991215
142426965|Q60612,2.0,4.746638544607287
149839126|Q60612,2.0,4.567774730553832
146490828|Q60612,2.0,5.173965534281214
146490647|Q60612,2.0,4.306412471355332
15124065|Q60612,2.0,1.967880959630824
163408069|Q60612,2.0,4.178203603572151
153637827|Q60612,2.0,4.178203603572151
153637805|Q60612,2.0,4.1380700528662295
137539592|Q60612,2.0,4.236418178364254
153637662|Q60612,2.0,4.172763890584498
18180076|Q60612,2.0,1.115491102470514
137538729|Q60612,2.0,4.352791770882794
142540213|Q60612,2.0,4.306536474463761
46830335|Q60612,2.0,2.602181244239635
11580039|Q60612,2.0,1.949272948498963
152409252|Q60612,2.0,3.8118700726609394
152121487|Q60612,2.0,4.239778750566828
149731152|Q60612,2.0,4.291667009940371
146490626|Q60612,2.0,5.297286761051607
146490645|Q60612,2.0,4.495735798267006
137539482|Q60612,2.0,4.848558206821743
44342270|Q60612,2.0,2.3415631678555426
146490649|Q60612,2.0,4.448006632308547
4585|Q60612,2.0,4.332172172053937
11299968|Q60612,2.0,1.9232031922577855
137538707|Q60612,2.0,4.265876889220445
153637815|Q60612,2.0,4.140991145307944
142540187|Q60612,2.0,4.564070204045096
11357862|Q60612,2.0,2.9530819088785267
49836386|Q60612,2.0,1.5779151263905435
150351504|Q60612,2.0,4.426843507488133
13477989|Q60612,2.0,2.030184352409392
137539351|Q60612,2.0,4.044473855668344
151664222|Q60612,2.0,3.8865164615902974
149747008|Q60612,2.0,3.9381311545699247
44304314|Q60612,2.0,-0.3048855234479706
146490633|Q60612,2.0,5.067124005964376
151424138|Q60612,2.0,4.34273537906094
137539510|Q60612,2.0,4.0155551754746
10288197|Q60612,2.0,3.9168471639070837
52941478|Q60612,2.0,3.4115930896216478
151991053|Q60612,2.0,4.236450399686357
137539494|Q60612,2.0,4.174699081757718
142540244|Q60612,2.0,4.2585806582519945
146490623|Q60612,2.0,5.175117620391656
11973780|Q60612,2.0,2.0272283758445084
10398787|Q60612,2.0,1.993042208622036
137538815|Q60612,2.0,4.087807126870901
146490865|Q60612,2.0,3.9735553760385023
137539398|Q60612,2.0,4.092247623101732
150519134|Q60612,2.0,4.208328697641459
10825736|Q60612,2.0,1.320228393078649
153637741|Q60612,2.0,4.148246004781588
2995|Q60612,2.0,1.9835637324341127
44306637|Q60612,2.0,2.511398404684907
9848518|Q60612,2.0,5.457417436245295
15124063|Q60612,2.0,2.0307471095477903
162779484|Q60612,2.0,3.8533109349623325
152186108|Q60612,2.0,4.198758791873551
142540223|Q60612,2.0,4.103876903978091
142427013|Q60612,2.0,5.445739810382908
153637846|Q60612,2.0,4.18864138374578
137644879|Q60612,2.0,2.9911969122191566
153637826|Q60612,2.0,4.103876903978091
49864722|Q60612,2.0,1.5892273085598134
3038495|Q60612,2.0,-0.4245565863318534
150485018|Q60612,2.0,4.293877099276834
3496768|Q60612,2.0,1.913796320195916
44251387|Q60612,2.0,2.009503025330492
163408071|Q60612,2.0,4.351069814631179
10596380|Q60612,2.0,1.7308211731571848
153637821|Q60612,2.0,4.351069814631179
137539657|Q60612,2.0,4.102243163077812
153637838|Q60612,2.0,4.20738508435755
137539347|Q60612,2.0,4.3641613064178895
142540173|Q60612,2.0,4.254977897433335
137539301|Q60612,2.0,4.117829552394159
25230881|Q60612,2.0,4.11866850313362
153637684|Q60612,2.0,4.1836054041404305
68405874|Q60612,2.0,4.563396096304531
46884818|Q60612,2.0,1.486383721591597
149829430|Q60612,2.0,3.9718535151856353
10732779|Q60612,2.0,1.921552608061016
153637858|Q60612,2.0,4.379156542878885
45487384|Q60612,2.0,3.0388516231600304
11794523|Q60612,2.0,1.740976323126282
142540473|Q60612,2.0,4.1432864657958275
57970238|Q60612,2.0,2.169842187760636
21186192|Q60612,2.0,1.9792373128445735
6466372|Q60612,2.0,1.724960125409182
152123874|Q60612,2.0,3.577216178307036
146490860|Q60612,2.0,4.691954082918369
153637779|Q60612,2.0,4.066240161472499
153637710|Q60612,2.0,4.282872489980293
137538901|Q60612,2.0,4.396710261061574
44447994|Q60612,2.0,1.9330840407523018
146490832|Q60612,2.0,4.201805180955291
11209208|Q60612,2.0,0.30396075671219885
146443662|Q60612,2.0,4.939933525947657
153637836|Q60612,2.0,4.1139367713685555
10907460|Q60612,2.0,1.1819788224794243
67548392|Q60612,2.0,4.673755050215014
127034966|Q60612,2.0,1.272652572338629
44345317|Q60612,2.0,2.1876026671060753
10238677|Q60612,2.0,5.704556485492465
150353293|Q60612,2.0,4.425827077164806
153637709|Q60612,2.0,4.357899618155978
4992|Q60612,2.0,2.7698074122871046
146490634|Q60612,2.0,5.170140753811377
146490876|Q60612,2.0,5.281408429906823
44413096|Q60612,2.0,5.410186885441908
137539362|Q60612,2.0,4.225742686081759
151604290|Q60612,2.0,4.502068698471721
68379135|Q60612,2.0,0.6947049936631523
5265|Q60612,2.0,2.604687093950447
12128801|Q60612,2.0,4.36952365161176
443391|Q60612,2.0,-0.31347390329123737
3559|Q60612,2.0,0.8055209825444261
137539338|Q60612,2.0,3.888351201610023
45109862|Q60612,2.0,3.45280254833961
146490640|Q60612,2.0,5.439106273653447
51003551|Q60612,2.0,1.8727009736997948
5355|Q60612,2.0,2.6531193371263586
142540499|Q60612,2.0,4.444536799190105
60795|Q60612,2.0,2.0726169800450744
137539546|Q60612,2.0,4.275894528651797
153637750|Q60612,2.0,4.193606245607741
137539674|Q60612,2.0,3.548214477630591
153637875|Q60612,2.0,4.10883215368326
142540146|Q60612,2.0,4.184600812215189
137539262|Q60612,2.0,4.175223264050651
132607373|Q60612,2.0,4.487592778741194
3033769|Q60612,2.0,2.2956612021978615
142426991|Q60612,2.0,4.371878286885907
137539278|Q60612,2.0,4.145255401841356
146490652|Q60612,2.0,4.535936323322715
137539065|Q60612,2.0,4.03785552942079
146490646|Q60612,2.0,5.255337267692955
146490857|Q60612,2.0,5.256041093425148
151102361|Q60612,2.0,4.722038594737344
44251388|Q60612,2.0,2.356453940619863
15124062|Q60612,2.0,2.020032736950463
46240228|Q60612,2.0,4.715320453199741
137539656|Q60612,2.0,4.135371068085509
46238686|Q60612,2.0,4.802382047865265
137653821|Q60612,2.0,2.1774950737007868
153637845|Q60612,2.0,4.167474677456051
46842383|Q60612,2.0,1.66619902028045
2769|Q60612,2.0,0.5503766995099071
137538578|Q60612,2.0,4.192683568373478
10400783|Q60612,2.0,1.320228393078649
6448585|Q60612,2.0,6.944101174163468
137539417|Q60612,2.0,4.265676611341077
137539590|Q60612,2.0,4.117821056235914
152333305|Q60612,2.0,4.122195397791982
15124068|Q60612,2.0,1.5049539914038563
142540385|Q60612,2.0,4.508528605784235
142540160|Q60612,2.0,4.104478773149197
137538676|Q60612,2.0,4.447271273801925
146490903|Q60612,2.0,5.235472786280668
137539501|Q60612,2.0,4.050094626252483
25207803|Q60612,2.0,4.141466204939673
137539342|Q60612,2.0,4.24184653804766
67548498|Q60612,2.0,4.968122124559956
25230948|Q60612,2.0,4.103958817037288
44318454|Q60612,2.0,1.9319536174606529
11470616|Q60612,2.0,1.473680354505919
44398808|Q60612,2.0,1.9332432809330569
137538548|Q60612,2.0,4.148952298129296
137539644|Q60612,2.0,4.157508924548718
152083923|Q60612,2.0,4.124048506984588
142540399|Q60612,2.0,4.3565331906855045
10288169|Q60612,2.0,5.349074129150752
10450082|Q60612,2.0,-0.28884178566587426
153637891|Q60612,2.0,4.066031423358104
146490827|Q60612,2.0,5.263291531866136
150617787|Q60612,2.0,3.646947641648725
153637679|Q60612,2.0,4.238274078447194
3035523|Q60612,2.0,2.1179052624355594
21186098|Q60612,2.0,1.9668529711042144
44259|Q60612,2.0,2.565902602505766
137539292|Q8BUD0,2.0,2.606750044211839
137539329|Q8BUD0,2.0,2.6522738511203445
11099480|Q8BUD0,2.0,2.663781544093364
11220599|Q8BUD0,2.0,2.2647552110315057
10518133|Q8BUD0,2.0,2.663493112849653
15124057|Q8BUD0,2.0,2.6691083361965005
137539564|Q8BUD0,2.0,2.690820757525861
11730467|Q8BUD0,2.0,2.4629395841145523
46885027|Q8BUD0,2.0,2.727973753606711
151746871|Q8BUD0,2.0,2.624096349485563
153637730|Q8BUD0,2.0,2.631529765859884
142540253|Q8BUD0,2.0,2.59747112217547
4797946|Q8BUD0,2.0,2.1546719010607394
153637786|Q8BUD0,2.0,2.6713991371111843
153637753|Q8BUD0,2.0,2.6356488495622323
151675446|Q8BUD0,2.0,2.65908919079365
17863210|Q8BUD0,2.0,2.4807152411180455
146490978|Q8BUD0,2.0,2.7556547470021773
9868793|Q8BUD0,2.0,2.6338012973403226
44462219|Q8BUD0,2.0,1.1401552588749548
137539191|Q8BUD0,2.0,2.5767275422927147
153637851|Q8BUD0,2.0,2.678816712311697
146299|Q8BUD0,2.0,2.721215554929652
137538569|Q8BUD0,2.0,2.5755827793041948
153637892|Q8BUD0,2.0,2.6916850556493856
164613241|Q8BUD0,2.0,2.2222890214219984
25099115|Q8BUD0,2.0,2.287483240852765
137539559|Q8BUD0,2.0,2.5861493757250265
137539397|Q8BUD0,2.0,2.5841361298375163
44306876|Q8BUD0,2.0,2.0365641447166127
68551|Q8BUD0,2.0,2.4245229187497417
10026300|Q8BUD0,2.0,2.113063676130583
5095|Q8BUD0,2.0,2.2055762705090847
15124064|Q8BUD0,2.0,2.0236109655865766
146490639|Q8BUD0,2.0,2.4919660340983487
11277680|Q8BUD0,2.0,2.7572776386414968
145962202|Q8BUD0,2.0,2.9388095444622087
155210502|Q8BUD0,2.0,2.482754395901991
146443751|Q8BUD0,2.0,2.633090628939268
137539728|Q8BUD0,2.0,2.6470526189206023
16104|Q8BUD0,2.0,1.812841936330298
146490628|Q8BUD0,2.0,2.6354615167898747
9947230|Q8BUD0,2.0,1.0574524928050733
10381889|Q8BUD0,2.0,2.623834478274651
49864292|Q8BUD0,2.0,2.275979208967307
16082831|Q8BUD0,2.0,2.0175882711282265
5615|Q8BUD0,2.0,2.425957291699356
44413202|Q8BUD0,2.0,2.786364030061459
160597|Q8BUD0,2.0,2.5979965474050437
153637695|Q8BUD0,2.0,2.6599930771698963
153637832|Q8BUD0,2.0,2.654754529965176
119570|Q8BUD0,2.0,3.2879083557591473
153637762|Q8BUD0,2.0,2.6164601211163845
156022974|Q8BUD0,2.0,2.633503946816548
146490674|Q8BUD0,2.0,2.6734242548050444
142427004|Q8BUD0,2.0,2.7117355127743736
137539409|Q8BUD0,2.0,2.625804344349738
142427011|Q8BUD0,2.0,2.6262009993039936
442203|Q8BUD0,2.0,2.655721508903161
137538808|Q8BUD0,2.0,2.656362563384219
127046493|Q8BUD0,2.0,2.6816585831375503
153637720|Q8BUD0,2.0,2.6566904265966413
46884856|Q8BUD0,2.0,2.1202256247098634
137539240|Q8BUD0,2.0,2.6313809045439105
146491094|Q8BUD0,2.0,2.6004794596921377
20070445|Q8BUD0,2.0,2.3126776869124095
146490861|Q8BUD0,2.0,2.483514021364548
142540098|Q8BUD0,2.0,2.6358591567553686
137539305|Q8BUD0,2.0,2.6431264245871646
137539000|Q8BUD0,2.0,2.6453418990479043
153637687|Q8BUD0,2.0,2.6326943231591975
46175652|Q8BUD0,2.0,3.0631729380906427
153637707|Q8BUD0,2.0,2.6622478984811524
16037920|Q8BUD0,2.0,2.750268239551794
153637666|Q8BUD0,2.0,2.5890399048970965
44631910|Q8BUD0,2.0,3.0923187342075114
4946|Q8BUD0,2.0,2.6002721914052542
137538958|Q8BUD0,2.0,2.6478074092970405
46885213|Q8BUD0,2.0,2.3348839948890117
13891896|Q8BUD0,2.0,2.577216458586059
137539229|Q8BUD0,2.0,2.584061919472098
10385855|Q8BUD0,2.0,2.4019223456766876
142426965|Q8BUD0,2.0,2.929803446223684
149839126|Q8BUD0,2.0,2.6891518455136674
146490828|Q8BUD0,2.0,2.688613173374108
146490647|Q8BUD0,2.0,2.467950846791164
15124065|Q8BUD0,2.0,2.0685953844118345
163408069|Q8BUD0,2.0,2.6330449557556412
153637827|Q8BUD0,2.0,2.6330449557556412
153637805|Q8BUD0,2.0,2.6411702746061505
137539592|Q8BUD0,2.0,2.648532315632507
153637662|Q8BUD0,2.0,2.636298046837363
18180076|Q8BUD0,2.0,2.309148488979851
137538729|Q8BUD0,2.0,2.6536538888483827
142540213|Q8BUD0,2.0,2.6666551412985635
46830335|Q8BUD0,2.0,2.7235399857518052
11580039|Q8BUD0,2.0,2.5055331454821306
152409252|Q8BUD0,2.0,2.640004801598188
152121487|Q8BUD0,2.0,2.6438867672241764
149731152|Q8BUD0,2.0,2.659671802288052
146490626|Q8BUD0,2.0,2.6027715316650566
146490645|Q8BUD0,2.0,2.460959206223933
137539482|Q8BUD0,2.0,2.7002440236268574
44342270|Q8BUD0,2.0,3.1243521651665698
146490649|Q8BUD0,2.0,2.5395768711268647
4585|Q8BUD0,2.0,1.785313304522724
11299968|Q8BUD0,2.0,2.52041573536257
137538707|Q8BUD0,2.0,2.659487595938385
153637815|Q8BUD0,2.0,2.636506143095044
142540187|Q8BUD0,2.0,2.701787858847192
11357862|Q8BUD0,2.0,2.7264578794819827
49836386|Q8BUD0,2.0,2.636210631932629
150351504|Q8BUD0,2.0,2.6157828776580105
13477989|Q8BUD0,2.0,2.1752784605617337
137539351|Q8BUD0,2.0,2.55968640156168
151664222|Q8BUD0,2.0,2.66398387870765
149747008|Q8BUD0,2.0,2.589050646241602
44304314|Q8BUD0,2.0,1.4411428367334262
146490633|Q8BUD0,2.0,2.4904153612094495
151424138|Q8BUD0,2.0,2.706773078879521
137539510|Q8BUD0,2.0,2.7139964370554917
10288197|Q8BUD0,2.0,2.8164262115210503
52941478|Q8BUD0,2.0,2.881623629811652
151991053|Q8BUD0,2.0,2.6098155066280073
137539494|Q8BUD0,2.0,2.5791404279281767
142540244|Q8BUD0,2.0,2.683366466517772
146490623|Q8BUD0,2.0,2.6420056528401203
11973780|Q8BUD0,2.0,1.9066210490645505
10398787|Q8BUD0,2.0,2.001504897597626
137538815|Q8BUD0,2.0,2.635602729277434
146490865|Q8BUD0,2.0,2.463992205063647
137539398|Q8BUD0,2.0,2.610800944785348
150519134|Q8BUD0,2.0,2.570311827017367
10825736|Q8BUD0,2.0,2.9372787141953
153637741|Q8BUD0,2.0,2.6562852438690565
2995|Q8BUD0,2.0,2.3721076625206936
44306637|Q8BUD0,2.0,2.276032134888995
9848518|Q8BUD0,2.0,2.7576114948312203
15124063|Q8BUD0,2.0,2.1441997364696714
162779484|Q8BUD0,2.0,2.658653459720693
152186108|Q8BUD0,2.0,2.6134401764622126
142540223|Q8BUD0,2.0,2.6784178220905908
142427013|Q8BUD0,2.0,2.7312308436465376
153637846|Q8BUD0,2.0,2.6301894762053553
137644879|Q8BUD0,5.787812395596042,7.525977418521826
153637826|Q8BUD0,2.0,2.6784178220905908
49864722|Q8BUD0,2.0,2.2219517460674103
3038495|Q8BUD0,2.0,1.9279921665127369
150485018|Q8BUD0,2.0,2.666235503430807
3496768|Q8BUD0,2.0,2.650830449217062
44251387|Q8BUD0,2.0,2.325382754155886
163408071|Q8BUD0,2.0,2.666324080662339
10596380|Q8BUD0,2.0,2.067770137508172
153637821|Q8BUD0,2.0,2.666324080662339
137539657|Q8BUD0,2.0,2.564633164583782
153637838|Q8BUD0,2.0,2.6816778306582028
137539347|Q8BUD0,2.0,2.6616041915107513
142540173|Q8BUD0,2.0,2.6136346326924587
137539301|Q8BUD0,2.0,2.759176202039756
25230881|Q8BUD0,2.0,2.6967619860599426
153637684|Q8BUD0,2.0,2.625763530186239
68405874|Q8BUD0,2.0,2.967983209416036
46884818|Q8BUD0,2.0,2.0770622582098017
149829430|Q8BUD0,2.0,2.684564667680236
10732779|Q8BUD0,2.0,2.663493112849653
153637858|Q8BUD0,2.0,2.6226206139402763
45487384|Q8BUD0,2.0,2.2536449453513887
11794523|Q8BUD0,2.0,2.3283608518474606
142540473|Q8BUD0,2.0,2.6190515414001063
57970238|Q8BUD0,5.480172006224281,7.594153837955704
21186192|Q8BUD0,2.0,2.1617920028471858
6466372|Q8BUD0,2.0,1.955339136651432
152123874|Q8BUD0,2.0,2.7665230201655615
146490860|Q8BUD0,2.0,2.436228914688431
153637779|Q8BUD0,2.0,2.7056497816375695
153637710|Q8BUD0,2.0,2.5956082288720634
137538901|Q8BUD0,2.0,2.722168359806779
44447994|Q8BUD0,2.0,2.6436260605753286
146490832|Q8BUD0,2.0,2.481666230282546
11209208|Q8BUD0,2.0,1.977984200635321
146443662|Q8BUD0,2.0,2.6085751885240853
153637836|Q8BUD0,2.0,2.6596571597971685
10907460|Q8BUD0,2.0,3.1034762349160303
67548392|Q8BUD0,2.0,2.8751558729328766
127034966|Q8BUD0,2.0,2.797332840501628
44345317|Q8BUD0,2.0,2.7378042419952746
10238677|Q8BUD0,2.0,3.067766422154196
150353293|Q8BUD0,2.0,2.6888717819740813
153637709|Q8BUD0,2.0,2.692434555058585
4992|Q8BUD0,2.0,3.1834604362277066
146490634|Q8BUD0,2.0,2.6198358373130777
146490876|Q8BUD0,2.0,2.6257173007937245
44413096|Q8BUD0,2.0,3.0648317070381603
137539362|Q8BUD0,2.0,2.6729567056233354
151604290|Q8BUD0,2.0,2.661260995788749
68379135|Q8BUD0,6.275724130399211,4.953101466020772
5265|Q8BUD0,2.0,2.246771116575318
12128801|Q8BUD0,2.0,2.7093279535085495
443391|Q8BUD0,2.0,1.5673357119178497
3559|Q8BUD0,2.0,2.104076496135146
137539338|Q8BUD0,2.0,2.648716216801786
45109862|Q8BUD0,2.0,2.558164193380464
146490640|Q8BUD0,2.0,2.3702718420005313
51003551|Q8BUD0,2.0,2.301811173302996
5355|Q8BUD0,2.0,2.65405463953849
142540499|Q8BUD0,2.0,2.6449095576974297
60795|Q8BUD0,2.0,3.746012549030658
137539546|Q8BUD0,2.0,2.6276774526225206
153637750|Q8BUD0,2.0,2.6210951490745065
137539674|Q8BUD0,2.0,2.7010016272408524
153637875|Q8BUD0,2.0,2.5946096032339065
142540146|Q8BUD0,2.0,2.645204156970278
137539262|Q8BUD0,2.0,2.595962115410612
132607373|Q8BUD0,6.7447274948966935,5.565256231581556
3033769|Q8BUD0,2.0,2.2871716403785958
142426991|Q8BUD0,2.0,2.7081456628548257
137539278|Q8BUD0,2.0,2.5939273544158743
146490652|Q8BUD0,2.0,2.655278336831415
137539065|Q8BUD0,2.0,2.626648439014194
146490646|Q8BUD0,2.0,2.3764030020751203
146490857|Q8BUD0,2.0,2.429027962471618
151102361|Q8BUD0,2.0,2.718246858458709
44251388|Q8BUD0,2.0,2.373375156594668
15124062|Q8BUD0,2.0,1.9012401872390132
46240228|Q8BUD0,2.0,2.841736638859027
137539656|Q8BUD0,2.0,2.6313809045439105
46238686|Q8BUD0,2.0,2.8412654636578627
137653821|Q8BUD0,4.698970004336019,7.653357364037977
153637845|Q8BUD0,2.0,2.6326943231591975
46842383|Q8BUD0,2.0,2.382378375593806
2769|Q8BUD0,2.0,2.147919487133004
137538578|Q8BUD0,2.0,2.6525141295707284
10400783|Q8BUD0,2.0,2.9372787141953
6448585|Q8BUD0,2.0,3.100000520410884
137539417|Q8BUD0,2.0,2.693437591922434
137539590|Q8BUD0,2.0,2.6241051431471862
152333305|Q8BUD0,2.0,2.6163421430445517
15124068|Q8BUD0,2.0,2.138127462590745
142540385|Q8BUD0,2.0,2.6745394014769843
142540160|Q8BUD0,2.0,2.62472598664315
137538676|Q8BUD0,2.0,2.6022911252094922
146490903|Q8BUD0,2.0,2.594480539940413
137539501|Q8BUD0,2.0,2.6533931433070226
25207803|Q8BUD0,2.0,2.70526852659759
137539342|Q8BUD0,2.0,2.6437405428450136
67548498|Q8BUD0,2.0,2.9016523310216678
25230948|Q8BUD0,2.0,2.7038157261452236
44318454|Q8BUD0,2.0,2.6496771408757214
11470616|Q8BUD0,2.0,2.4499241774803155
44398808|Q8BUD0,2.0,2.118632283381669
137538548|Q8BUD0,2.0,2.6286891545574376
137539644|Q8BUD0,2.0,2.5773058508107747
152083923|Q8BUD0,2.0,2.633417110887234
142540399|Q8BUD0,2.0,2.68074753483328
10288169|Q8BUD0,2.0,3.0691582110793525
10450082|Q8BUD0,2.0,1.552632667461529
153637891|Q8BUD0,2.0,2.57663456678465
146490827|Q8BUD0,2.0,2.6128994341220007
150617787|Q8BUD0,2.0,2.6255387454828436
153637679|Q8BUD0,2.0,2.6038378286789983
3035523|Q8BUD0,2.0,2.0751457093970473
21186098|Q8BUD0,2.0,2.2834760916761865
44259|Q8BUD0,2.0,2.337498513155019
