,P0DMS8,P14416,P21917,P29275,P30542,P35462,Q60613
P0DMS8,1.0,0.07082005278281703,0.055329676992311956,0.18034360803976288,0.2676041196779891,0.06351313618117528,0.17186705014197992
P14416,0.07082005278281703,1.0,0.13148224860925678,0.05906179320913648,0.05959469236579617,0.3450823497856016,0.053158768804917794
P21917,0.055329676992311956,0.13148224860925678,1.0,0.07002231397582907,0.047991468941548196,0.1757378780928594,0.055889050563153055
P29275,0.18034360803976288,0.05906179320913648,0.07002231397582907,0.9999999999999998,0.26198661626046515,0.066235087921692,0.35788474156450567
P30542,0.2676041196779891,0.05959469236579617,0.047991468941548196,0.26198661626046515,1.0,0.0477376498898068,0.25466610516911725
P35462,0.06351313618117528,0.3450823497856016,0.1757378780928594,0.066235087921692,0.0477376498898068,1.0000000000000002,0.05109867190599996
Q60613,0.17186705014197992,0.053158768804917794,0.055889050563153055,0.35788474156450567,0.25466610516911725,0.05109867190599996,1.0000000000000002
